fecha	objective	metric	first_metric_only	boost_from_average	feature_pre_filter	verbosity	seed	max_depth	min_gain_to_split	lambda_l1	lambda_l2	max_bin	num_iterations	force_row_wise	learning_rate	feature_fraction	min_data_in_leaf	num_leaves	prob_corte	ganancia	iteracion
20220525 143625	binary	custom	TRUE	TRUE	FALSE	-100	999983	-1	0	0	0	31	10	TRUE	0.24968314957025	0.637113847574219	862	317	0.0155874320955869	10584000	1
20220525 143701	binary	custom	TRUE	TRUE	FALSE	-100	999983	-1	0	0	0	31	263	TRUE	0.123676766858087	0.649733148654923	4845	665	0.00938407736684894	12159000	2
20220525 143716	binary	custom	TRUE	TRUE	FALSE	-100	999983	-1	0	0	0	31	18	TRUE	0.183106436772854	0.532094796271995	2513	713	0.018386869180055	12327000	3
20220525 143738	binary	custom	TRUE	TRUE	FALSE	-100	999983	-1	0	0	0	31	106	TRUE	0.151808865136351	0.512218286534771	6978	596	0.0242736597147693	12362000	4
20220525 143752	binary	custom	TRUE	TRUE	FALSE	-100	999983	-1	0	0	0	31	28	TRUE	0.233246506069787	0.378299916619435	2815	402	0.0328790834066846	9946000	5
20220525 143812	binary	custom	TRUE	TRUE	FALSE	-100	999983	-1	0	0	0	31	74	TRUE	0.0887545207667863	0.852693041618913	2213	52	0.0397265023129876	9263000	6
20220525 143823	binary	custom	TRUE	TRUE	FALSE	-100	999983	-1	0	0	0	31	28	TRUE	0.210564424921526	0.754875837871805	4495	178	0.0196869914158015	12555000	7
20220525 143842	binary	custom	TRUE	TRUE	FALSE	-100	999983	-1	0	0	0	31	73	TRUE	0.166181127806311	0.426358005814254	3816	995	0.0257374970936022	11800000	8
20220525 143901	binary	custom	TRUE	TRUE	FALSE	-100	999983	-1	0	0	0	31	69	TRUE	0.0793820185681106	0.585535335270688	7256	86	0.0352363311307272	10634000	9
20220525 143929	binary	custom	TRUE	TRUE	FALSE	-100	999983	-1	0	0	0	31	140	TRUE	0.0453498599684099	0.262701519513503	6604	463	0.0276885712858833	12026000	10
20220525 143953	binary	custom	TRUE	TRUE	FALSE	-100	999983	-1	0	0	0	31	35	TRUE	0.104877658716985	0.455222324039787	770	342	0.0361148627935715	8883000	11
20220525 144003	binary	custom	TRUE	TRUE	FALSE	-100	999983	-1	0	0	0	31	33	TRUE	0.260640940298676	0.791434328211472	4227	808	0.0298455694704899	10900000	12
20220525 144013	binary	custom	TRUE	TRUE	FALSE	-100	999983	-1	0	0	0	31	12	TRUE	0.283863503521774	0.348776078112423	3544	899	0.0466487715622255	7211000	13
20220525 144034	binary	custom	TRUE	TRUE	FALSE	-100	999983	-1	0	0	0	31	108	TRUE	0.0588830182034289	0.937023084415123	5376	771	0.0215292937364817	12520000	14
20220525 144046	binary	custom	TRUE	TRUE	FALSE	-100	999983	-1	0	0	0	31	34	TRUE	0.223749563359772	0.225540833836421	5621	559	0.0137129611001001	12564000	15
20220525 144057	binary	custom	TRUE	TRUE	FALSE	-100	999983	-1	0	0	0	31	15	TRUE	0.291030324629275	0.988188447784633	1848	131	0.0489709603813632	7220000	16
20220525 144256	binary	custom	TRUE	TRUE	FALSE	-100	999983	-1	0	0	0	31	50	TRUE	0.027861256597098	0.817455673618242	86	929	0.0381776796008732	4715000	17
20220525 144312	binary	custom	TRUE	TRUE	FALSE	-100	999983	-1	0	0	0	31	49	TRUE	0.128210287889349	0.31615869993344	6361	870	0.0441190167684302	8330000	18
20220525 144415	binary	custom	TRUE	TRUE	FALSE	-100	999983	-1	0	0	0	31	588	TRUE	0.0189473414364038	0.886340224640444	7913	241	0.0432206932275828	9203000	19
20220525 144431	binary	custom	TRUE	TRUE	FALSE	-100	999983	-1	0	0	0	31	41	TRUE	0.186848459071596	0.708759781839326	1344	510	0.0118484105473423	12194000	20
20220525 144444	binary	custom	TRUE	TRUE	FALSE	-100	999983	-1	0	0	0	31	35	TRUE	0.137672901297014	0.784537002779323	4862	509	0.0194065340515451	12746000	21
20220525 144457	binary	custom	TRUE	TRUE	FALSE	-100	999983	-1	0	0	0	31	54	TRUE	0.19195004692941	0.216696609230642	5286	794	0.0204144278202657	13082000	22
20220525 144549	binary	custom	TRUE	TRUE	FALSE	-100	999983	-1	0	0	0	31	371	TRUE	0.030241848319182	0.200723005721725	5216	115	0.0208713690217458	13011000	23
20220525 144620	binary	custom	TRUE	TRUE	FALSE	-100	999983	-1	0	0	0	31	153	TRUE	0.0500340100627653	0.201416507677135	2849	536	0.0119779690020044	12853000	24
20220525 144648	binary	custom	TRUE	TRUE	FALSE	-100	999983	-1	0	0	0	31	124	TRUE	0.0931352856421722	0.213266816714399	4427	617	0.0200142401509129	12631000	25
20220525 144707	binary	custom	TRUE	TRUE	FALSE	-100	999983	-1	0	0	0	31	78	TRUE	0.21557719029665	0.458083701497316	5722	1024	0.0187741132999957	12784000	26
20220525 144729	binary	custom	TRUE	TRUE	FALSE	-100	999983	-1	0	0	0	31	118	TRUE	0.171640493205812	0.214427264429824	2295	872	0.0083375047857039	11807000	27
20220525 144859	binary	custom	TRUE	TRUE	FALSE	-100	999983	-1	0	0	0	31	424	TRUE	0.0108508357117588	0.716566858236328	2746	137	0.0117970575901594	12909000	28
20220525 144916	binary	custom	TRUE	TRUE	FALSE	-100	999983	-1	0	0	0	31	58	TRUE	0.151955804430146	0.362029351437594	5636	151	0.0218349513407938	13084000	29
20220525 144953	binary	custom	TRUE	TRUE	FALSE	-100	999983	-1	0	0	0	31	211	TRUE	0.0505515052686892	0.980624385060217	2735	521	0.0116595386584605	12665000	30
20220525 145031	binary	custom	TRUE	TRUE	FALSE	-100	999983	-1	0	0	0	31	146	TRUE	0.0349145951921247	0.560034609149907	5647	16	0.0202363576235334	13081000	31
20220525 145108	binary	custom	TRUE	TRUE	FALSE	-100	999983	-1	0	0	0	31	169	TRUE	0.0566345555047092	0.482295782054859	5444	222	0.0212042016184265	12602000	32
20220525 145124	binary	custom	TRUE	TRUE	FALSE	-100	999983	-1	0	0	0	31	79	TRUE	0.155104296874942	0.225841429131847	5914	16	0.0195474299219574	12972000	33
20220525 145138	binary	custom	TRUE	TRUE	FALSE	-100	999983	-1	0	0	0	31	46	TRUE	0.144478365089783	0.281471318580862	5317	16	0.0237121388735171	12899000	34
20220525 145257	binary	custom	TRUE	TRUE	FALSE	-100	999983	-1	0	0	0	31	558	TRUE	0.0163160772650562	0.224786415857258	3137	16	0.0150601527561681	13376000	35
20220525 145424	binary	custom	TRUE	TRUE	FALSE	-100	999983	-1	0	0	0	31	506	TRUE	0.010237258531664	0.204451829186748	2302	16	0.0184780285969899	13607000	36
20220525 145558	binary	custom	TRUE	TRUE	FALSE	-100	999983	-1	0	0	0	31	605	TRUE	0.0102039081358054	0.203618206760422	1739	16	0.0129228881668545	13102000	37
20220525 145609	binary	custom	TRUE	TRUE	FALSE	-100	999983	-1	0	0	0	31	34	TRUE	0.170992656028067	0.999820654597201	6088	18	0.0214446228201697	12735000	38
20220525 145733	binary	custom	TRUE	TRUE	FALSE	-100	999983	-1	0	0	0	31	560	TRUE	0.0161730226421501	0.26628279552645	2885	18	0.0207638584472452	13285000	39
20220525 145755	binary	custom	TRUE	TRUE	FALSE	-100	999983	-1	0	0	0	31	58	TRUE	0.0861224516933025	0.200458564896338	2343	20	0.0172309677367068	12963000	40
20220525 150052	binary	custom	TRUE	TRUE	FALSE	-100	999983	-1	0	0	0	31	1552	TRUE	0.0100153984998523	0.200925917472804	6055	922	0.0159216202887748	13417000	41
20220525 150209	binary	custom	TRUE	TRUE	FALSE	-100	999983	-1	0	0	0	31	514	TRUE	0.010006425293148	0.987395995892036	7343	984	0.0144475376520798	12863000	42
20220525 150401	binary	custom	TRUE	TRUE	FALSE	-100	999983	-1	0	0	0	31	823	TRUE	0.0101443831889412	0.201454905307624	7988	803	0.0164289320262767	13305000	43
20220525 150600	binary	custom	TRUE	TRUE	FALSE	-100	999983	-1	0	0	0	31	813	TRUE	0.0100856963190982	0.239190831462683	6602	669	0.015702566725857	13299000	44
20220525 150801	binary	custom	TRUE	TRUE	FALSE	-100	999983	-1	0	0	0	31	582	TRUE	0.0103597343505706	0.513575023614889	7989	17	0.0166645395262438	13348000	45
20220525 151032	binary	custom	TRUE	TRUE	FALSE	-100	999983	-1	0	0	0	31	1216	TRUE	0.0100877502345829	0.207776099876273	7469	79	0.0135205678256907	12924000	46
20220525 151146	binary	custom	TRUE	TRUE	FALSE	-100	999983	-1	0	0	0	31	490	TRUE	0.0100714347594641	0.995521552211153	7589	16	0.0184244472151711	13082000	47
20220525 151356	binary	custom	TRUE	TRUE	FALSE	-100	999983	-1	0	0	0	31	662	TRUE	0.0100264565247409	0.28869425213496	2407	84	0.0167885529702777	13450000	48
20220525 151513	binary	custom	TRUE	TRUE	FALSE	-100	999983	-1	0	0	0	31	480	TRUE	0.0132899297684742	0.201635520155386	6843	1017	0.0189644836216782	13197000	49
20220525 151731	binary	custom	TRUE	TRUE	FALSE	-100	999983	-1	0	0	0	31	842	TRUE	0.010005733667081	0.342254360089714	5732	803	0.0182701143720418	13452000	50
20220525 151850	binary	custom	TRUE	TRUE	FALSE	-100	999983	-1	0	0	0	31	473	TRUE	0.0100389709540522	0.686800663682923	6181	834	0.0166011908300106	13166000	51
20220525 151908	binary	custom	TRUE	TRUE	FALSE	-100	999983	-1	0	0	0	31	41	TRUE	0.299365736144168	0.35787998266883	7998	24	0.0221371327085963	12610000	52
20220525 151921	binary	custom	TRUE	TRUE	FALSE	-100	999983	-1	0	0	0	31	60	TRUE	0.192904785212929	0.757109066221353	7999	46	0.0153776248137284	13051000	53
20220525 151929	binary	custom	TRUE	TRUE	FALSE	-100	999983	-1	0	0	0	31	15	TRUE	0.299374298560421	0.996082632093844	7999	752	0.0157433284340946	12792000	54
20220525 151939	binary	custom	TRUE	TRUE	FALSE	-100	999983	-1	0	0	0	31	24	TRUE	0.185371790742583	0.999871174022034	5637	791	0.0159419680930709	12759000	55
20220525 152109	binary	custom	TRUE	TRUE	FALSE	-100	999983	-1	0	0	0	31	723	TRUE	0.0100756989145996	0.676214108969011	8000	523	0.00946583017013958	11682000	56
20220525 152121	binary	custom	TRUE	TRUE	FALSE	-100	999983	-1	0	0	0	31	33	TRUE	0.199603246785719	0.248900177562928	8000	796	0.0176516882826606	12817000	57
20220525 152250	binary	custom	TRUE	TRUE	FALSE	-100	999983	-1	0	0	0	31	458	TRUE	0.010014224144796	0.676267380207274	3747	1024	0.0141897604679158	12937000	58
20220525 152503	binary	custom	TRUE	TRUE	FALSE	-100	999983	-1	0	0	0	31	956	TRUE	0.0101587885621352	0.599997514443526	7998	16	0.0221398166360996	12972000	59
20220525 152718	binary	custom	TRUE	TRUE	FALSE	-100	999983	-1	0	0	0	31	831	TRUE	0.010018025694434	0.200706129736212	2280	757	0.0157264984284176	13354000	60
20220525 153021	binary	custom	TRUE	TRUE	FALSE	-100	999983	-1	0	0	0	31	962	TRUE	0.0100197052825433	0.617293470160873	1879	725	0.0114621763815787	13205000	61
20220525 153216	binary	custom	TRUE	TRUE	FALSE	-100	999983	-1	0	0	0	31	587	TRUE	0.0101090183401759	0.270632344894211	4621	771	0.0146041155363627	13273000	62
20220525 153445	binary	custom	TRUE	TRUE	FALSE	-100	999983	-1	0	0	0	31	83	TRUE	0.0101298471271791	0.265407723242098	17	721	0.0122263164531038	4883000	63
20220525 153613	binary	custom	TRUE	TRUE	FALSE	-100	999983	-1	0	0	0	31	297	TRUE	0.0100894569886503	0.709259846567659	2093	514	0.01540053282783	13252000	64
20220525 153945	binary	custom	TRUE	TRUE	FALSE	-100	999983	-1	0	0	0	31	1516	TRUE	0.0104686896328061	0.792822063707211	2345	798	0.00837183522423107	12705000	65
20220525 153954	binary	custom	TRUE	TRUE	FALSE	-100	999983	-1	0	0	0	31	19	TRUE	0.299823771286052	0.78252142620991	6596	109	0.0167545746078491	12819000	66
20220525 154006	binary	custom	TRUE	TRUE	FALSE	-100	999983	-1	0	0	0	31	49	TRUE	0.134904760011049	0.99362926343679	1795	16	0.0126009887312531	12334000	67
20220525 154212	binary	custom	TRUE	TRUE	FALSE	-100	999983	-1	0	0	0	31	459	TRUE	0.0101304932856589	0.535994092072896	3207	742	0.0149069854476099	13445000	68
20220525 154419	binary	custom	TRUE	TRUE	FALSE	-100	999983	-1	0	0	0	31	523	TRUE	0.0103608803871099	0.389322495075108	3001	904	0.0147913300502434	13682000	69
20220525 154716	binary	custom	TRUE	TRUE	FALSE	-100	999983	-1	0	0	0	31	1080	TRUE	0.0100364884095581	0.363022915874225	3294	861	0.0146329661772965	13594000	70
20220525 154950	binary	custom	TRUE	TRUE	FALSE	-100	999983	-1	0	0	0	31	842	TRUE	0.0100650773511196	0.364800378088151	2945	1024	0.0146394730213325	13518000	71
20220525 155305	binary	custom	TRUE	TRUE	FALSE	-100	999983	-1	0	0	0	31	1073	TRUE	0.0101572831745253	0.439991767480665	2718	850	0.0138891759009301	13287000	72
20220525 155321	binary	custom	TRUE	TRUE	FALSE	-100	999983	-1	0	0	0	31	33	TRUE	0.146937478282629	0.999766834842748	8000	964	0.0200220389389882	13038000	73
20220525 155329	binary	custom	TRUE	TRUE	FALSE	-100	999983	-1	0	0	0	31	16	TRUE	0.299787883390118	0.816083694581565	7912	1024	0.0210444279045349	13265000	74
20220525 155538	binary	custom	TRUE	TRUE	FALSE	-100	999983	-1	0	0	0	31	663	TRUE	0.0100291408475757	0.481819017434855	7725	929	0.0172003437033721	13352000	75
20220525 155547	binary	custom	TRUE	TRUE	FALSE	-100	999983	-1	0	0	0	31	14	TRUE	0.275202068641263	0.819088175412852	7252	914	0.0185277358385286	13226000	76
20220525 155556	binary	custom	TRUE	TRUE	FALSE	-100	999983	-1	0	0	0	31	13	TRUE	0.299924765498902	0.699947057152067	5105	907	0.0170861772527243	12066000	77
20220525 155800	binary	custom	TRUE	TRUE	FALSE	-100	999983	-1	0	0	0	31	740	TRUE	0.0107853562115067	0.38365882975709	2004	17	0.0182993018575651	13520000	78
20220525 155943	binary	custom	TRUE	TRUE	FALSE	-100	999983	-1	0	0	0	31	495	TRUE	0.0102703363415265	0.200378413114319	2001	72	0.0239135905107433	12660000	79
20220525 155952	binary	custom	TRUE	TRUE	FALSE	-100	999983	-1	0	0	0	31	13	TRUE	0.276002693085493	0.999721643432489	7996	143	0.0201613250104288	13221000	80
20220525 160000	binary	custom	TRUE	TRUE	FALSE	-100	999983	-1	0	0	0	31	14	TRUE	0.285615602378088	0.99981377628794	7790	938	0.0265234915297369	12277000	81
20220525 160009	binary	custom	TRUE	TRUE	FALSE	-100	999983	-1	0	0	0	31	16	TRUE	0.225674880808303	0.76546895181933	7985	1024	0.0166993168138984	13216000	82
20220525 160148	binary	custom	TRUE	TRUE	FALSE	-100	999983	-1	0	0	0	31	426	TRUE	0.0145907248988179	0.573612149789411	3052	927	0.0175006426510763	13518000	83
20220525 160156	binary	custom	TRUE	TRUE	FALSE	-100	999983	-1	0	0	0	31	15	TRUE	0.241589575385774	0.841469679733586	7614	336	0.0192304018110262	13108000	84
20220525 160317	binary	custom	TRUE	TRUE	FALSE	-100	999983	-1	0	0	0	31	645	TRUE	0.011187730667466	0.815583955052108	8000	922	0.0186749217477514	13084000	85
20220525 160425	binary	custom	TRUE	TRUE	FALSE	-100	999983	-1	0	0	0	31	355	TRUE	0.0243862539547612	0.376045638559673	6834	19	0.0182350944465193	13182000	86
20220525 160501	binary	custom	TRUE	TRUE	FALSE	-100	999983	-1	0	0	0	31	210	TRUE	0.0436630148586428	0.271962730505985	8000	139	0.0188104392628426	13279000	87
20220525 160512	binary	custom	TRUE	TRUE	FALSE	-100	999983	-1	0	0	0	31	33	TRUE	0.127919534288442	0.79368006996902	7459	1023	0.0177349763049044	13504000	88
20220525 160543	binary	custom	TRUE	TRUE	FALSE	-100	999983	-1	0	0	0	31	184	TRUE	0.0745190412604066	0.326547445202305	7320	902	0.0170987964307073	13344000	89
20220525 160554	binary	custom	TRUE	TRUE	FALSE	-100	999983	-1	0	0	0	31	35	TRUE	0.144417078637701	0.822459348935339	6626	972	0.017821109679545	13195000	90
20220525 160605	binary	custom	TRUE	TRUE	FALSE	-100	999983	-1	0	0	0	31	30	TRUE	0.127738348826425	0.837612039223478	7628	126	0.0178791322622388	13311000	91
20220525 160614	binary	custom	TRUE	TRUE	FALSE	-100	999983	-1	0	0	0	31	23	TRUE	0.299701086383018	0.895046851578008	7669	16	0.0185605212178181	12924000	92
20220525 160843	binary	custom	TRUE	TRUE	FALSE	-100	999983	-1	0	0	0	31	965	TRUE	0.0101364405924591	0.246445061027593	3080	904	0.0160457425288683	13451000	93
20220525 161016	binary	custom	TRUE	TRUE	FALSE	-100	999983	-1	0	0	0	31	474	TRUE	0.0135609301822114	0.378127947045643	5077	936	0.0167971682259754	13501000	94
20220525 161331	binary	custom	TRUE	TRUE	FALSE	-100	999983	-1	0	0	0	31	1126	TRUE	0.0100321513313321	0.387172850143186	2180	583	0.0116215254905791	13336000	95
20220525 161529	binary	custom	TRUE	TRUE	FALSE	-100	999983	-1	0	0	0	31	467	TRUE	0.0102475747501267	0.394648128599402	3124	927	0.0159553050095416	13624000	96
20220525 161542	binary	custom	TRUE	TRUE	FALSE	-100	999983	-1	0	0	0	31	19	TRUE	0.114471841693055	0.999228233868109	1985	1024	0.0148678278096792	12970000	97
20220525 161656	binary	custom	TRUE	TRUE	FALSE	-100	999983	-1	0	0	0	31	477	TRUE	0.0105675867277699	0.943204768121962	5043	17	0.0151959406927796	13143000	98
20220525 161730	binary	custom	TRUE	TRUE	FALSE	-100	999983	-1	0	0	0	31	198	TRUE	0.0558646412788929	0.628749159577233	3046	929	0.0148231405376572	13376000	99
20220525 161947	binary	custom	TRUE	TRUE	FALSE	-100	999983	-1	0	0	0	31	604	TRUE	0.0115255508218023	0.587622524553921	2145	939	0.0148943730440873	13650000	100
20220525 162216	binary	custom	TRUE	TRUE	FALSE	-100	999983	-1	0	0	0	31	782	TRUE	0.0105203228078789	0.362497984821921	2091	971	0.0150776459489252	13551000	101
20220525 162450	binary	custom	TRUE	TRUE	FALSE	-100	999983	-1	0	0	0	31	904	TRUE	0.0100387870491052	0.363848726573724	3015	716	0.014841798225147	13760000	102
20220525 162525	binary	custom	TRUE	TRUE	FALSE	-100	999983	-1	0	0	0	31	148	TRUE	0.051638986209938	0.335485559770449	7996	1024	0.0160186123504779	13096000	103
20220525 162545	binary	custom	TRUE	TRUE	FALSE	-100	999983	-1	0	0	0	31	158	TRUE	0.240232477241274	0.986682264641066	5511	18	0.008443040576195	11297000	104
20220525 162716	binary	custom	TRUE	TRUE	FALSE	-100	999983	-1	0	0	0	31	707	TRUE	0.0100767061028318	0.834030955084701	3022	16	0.0175296202054564	13332000	105
20220525 162726	binary	custom	TRUE	TRUE	FALSE	-100	999983	-1	0	0	0	31	17	TRUE	0.299765192440573	0.2014755182902	6294	330	0.0229463344948845	12430000	106
20220525 162744	binary	custom	TRUE	TRUE	FALSE	-100	999983	-1	0	0	0	31	61	TRUE	0.138136482597017	0.351619490569907	6179	759	0.0172669307012659	13046000	107
20220525 162954	binary	custom	TRUE	TRUE	FALSE	-100	999983	-1	0	0	0	31	749	TRUE	0.0103053628335947	0.334048532035515	5497	901	0.0148550590118283	13527000	108
20220525 163138	binary	custom	TRUE	TRUE	FALSE	-100	999983	-1	0	0	0	31	587	TRUE	0.0105506226477728	0.314235750050523	7488	701	0.018890281667788	13613000	109
20220525 163326	binary	custom	TRUE	TRUE	FALSE	-100	999983	-1	0	0	0	31	672	TRUE	0.0100799547445489	0.280977440590114	7532	913	0.0204263327123505	13139000	110
20220525 163349	binary	custom	TRUE	TRUE	FALSE	-100	999983	-1	0	0	0	31	141	TRUE	0.0443674515236571	0.6684642995798	7503	710	0.0174818609910727	13349000	111
20220525 163358	binary	custom	TRUE	TRUE	FALSE	-100	999983	-1	0	0	0	31	18	TRUE	0.251573670645274	0.984899535689387	7461	1024	0.0186056621750031	13249000	112
20220525 163506	binary	custom	TRUE	TRUE	FALSE	-100	999983	-1	0	0	0	31	180	TRUE	0.010732235798252	0.866631640191023	2178	733	0.0149426400682973	13104000	113
20220525 163523	binary	custom	TRUE	TRUE	FALSE	-100	999983	-1	0	0	0	31	24	TRUE	0.191692647758802	0.616563239886693	7392	148	0.0185833534697207	13196000	114
20220525 163643	binary	custom	TRUE	TRUE	FALSE	-100	999983	-1	0	0	0	31	597	TRUE	0.0101044132745655	0.753842751493218	7286	144	0.0179870855735511	13051000	115
20220525 163654	binary	custom	TRUE	TRUE	FALSE	-100	999983	-1	0	0	0	31	24	TRUE	0.299810062091632	0.383081706816411	7459	1024	0.0172209689470571	12713000	116
20220525 163711	binary	custom	TRUE	TRUE	FALSE	-100	999983	-1	0	0	0	31	38	TRUE	0.124839315001716	0.65237522149313	1858	1021	0.017976577498472	12571000	117
20220525 163726	binary	custom	TRUE	TRUE	FALSE	-100	999983	-1	0	0	0	31	57	TRUE	0.2986560275253	0.997652840249386	1884	576	0.00836628220543023	10591000	118
20220525 163904	binary	custom	TRUE	TRUE	FALSE	-100	999983	-1	0	0	0	31	543	TRUE	0.0102438529673861	0.998933537507124	3009	1006	0.0152453861888139	13122000	119
20220525 164041	binary	custom	TRUE	TRUE	FALSE	-100	999983	-1	0	0	0	31	433	TRUE	0.0100540763902733	0.64640685239858	2128	1017	0.011925967699314	12848000	120
