fecha	objective	metric	first_metric_only	boost_from_average	feature_pre_filter	verbosity	seed	max_depth	min_gain_to_split	lambda_l1	lambda_l2	max_bin	num_iterations	force_row_wise	seed	learning_rate	feature_fraction	min_data_in_leaf	num_leaves	prob_corte	ganancia	iteracion
20220529 003954	binary	custom	TRUE	TRUE	FALSE	-100	999983	-1	0	0	0	31	72	TRUE	999983	0.126482843997539	0.951043888293207	5301	682	0.0198763820609505	12755000	1
20220529 004003	binary	custom	TRUE	TRUE	FALSE	-100	999983	-1	0	0	0	31	32	TRUE	999983	0.20469297138683	0.754695629840717	5168	526	0.040034777134133	9359000	2
20220529 004024	binary	custom	TRUE	TRUE	FALSE	-100	999983	-1	0	0	0	31	107	TRUE	999983	0.0791682182314107	0.328129545375705	3374	363	0.032314183699782	11766000	3
20220529 004034	binary	custom	TRUE	TRUE	FALSE	-100	999983	-1	0	0	0	31	31	TRUE	999983	0.15410756302462	0.298645782154053	7736	376	0.0416845628545464	9110000	4
20220529 004045	binary	custom	TRUE	TRUE	FALSE	-100	999983	-1	0	0	0	31	23	TRUE	999983	0.229747809431748	0.630692839538679	1601	100	0.0355600539279597	9588000	5
20220529 004058	binary	custom	TRUE	TRUE	FALSE	-100	999983	-1	0	0	0	31	50	TRUE	999983	0.0678034689065535	0.681798592340201	3761	621	0.0159162167920537	13501000	6
20220529 004107	binary	custom	TRUE	TRUE	FALSE	-100	999983	-1	0	0	0	31	13	TRUE	999983	0.215009320359677	0.907660668920726	1397	63	0.0123869040282443	11255000	7
20220529 004117	binary	custom	TRUE	TRUE	FALSE	-100	999983	-1	0	0	0	31	37	TRUE	999983	0.281071398253203	0.213789842277765	6590	731	0.0249766012352969	12178000	8
20220529 004126	binary	custom	TRUE	TRUE	FALSE	-100	999983	-1	0	0	0	31	16	TRUE	999983	0.247642237051972	0.573162331981584	7357	444	0.0215299314780471	12368000	9
20220529 004135	binary	custom	TRUE	TRUE	FALSE	-100	999983	-1	0	0	0	31	26	TRUE	999983	0.19584381461388	0.668063747351989	3106	772	0.0103420154632962	12067000	10
20220529 004149	binary	custom	TRUE	TRUE	FALSE	-100	999983	-1	0	0	0	31	42	TRUE	999983	0.162421749199508	0.534774527167901	4143	510	0.0388507712986514	9102000	11
20220529 004205	binary	custom	TRUE	TRUE	FALSE	-100	999983	-1	0	0	0	31	40	TRUE	999983	0.0962410439311061	0.849528801143169	1181	655	0.0352650125413978	9858000	12
20220529 004217	binary	custom	TRUE	TRUE	FALSE	-100	999983	-1	0	0	0	31	9	TRUE	999983	0.269599724310683	0.421723003396764	646	293	0.0493231798648291	6704000	13
20220529 004326	binary	custom	TRUE	TRUE	FALSE	-100	999983	-1	0	0	0	31	420	TRUE	999983	0.0163043924228987	0.463858847040683	6319	126	0.044256948911061	8707000	14
20220529 004343	binary	custom	TRUE	TRUE	FALSE	-100	999983	-1	0	0	0	31	108	TRUE	999983	0.101319260107586	0.271433108430356	7177	861	0.0128038159993594	12742000	15
20220529 004427	binary	custom	TRUE	TRUE	FALSE	-100	999983	-1	0	0	0	31	13	TRUE	999983	0.0507032782473834	0.365972413104028	12	930	0.0256960069644265	2792000	16
20220529 004439	binary	custom	TRUE	TRUE	FALSE	-100	999983	-1	0	0	0	31	79	TRUE	999983	0.111612559900735	0.9733961568214	5842	237	0.0285412752404227	11782000	17
20220529 004447	binary	custom	TRUE	TRUE	FALSE	-100	999983	-1	0	0	0	31	12	TRUE	999983	0.299209235118236	0.824982001380995	2245	885	0.0309067231049994	10408000	18
20220529 004513	binary	custom	TRUE	TRUE	FALSE	-100	999983	-1	0	0	0	31	154	TRUE	999983	0.0276815987807931	0.782610581349582	4445	999	0.0477787784227985	7727000	19
20220529 004526	binary	custom	TRUE	TRUE	FALSE	-100	999983	-1	0	0	0	31	29	TRUE	999983	0.177444081595866	0.508498371243477	2611	172	0.0175181080407735	13008000	20
20220529 004605	binary	custom	TRUE	TRUE	FALSE	-100	999983	-1	0	0	0	31	217	TRUE	999983	0.0176298792552292	0.8771078969442	3242	297	0.0136664785824805	13205000	21
20220529 004622	binary	custom	TRUE	TRUE	FALSE	-100	999983	-1	0	0	0	31	88	TRUE	999983	0.0896398800981192	0.26722295008114	4868	242	0.0143528785023476	13419000	22
20220529 004634	binary	custom	TRUE	TRUE	FALSE	-100	999983	-1	0	0	0	31	46	TRUE	999983	0.103042852184649	0.706449425951729	3588	332	0.0177791141652635	13254000	23
20220529 004742	binary	custom	TRUE	TRUE	FALSE	-100	999983	-1	0	0	0	31	483	TRUE	999983	0.0151070117721334	0.308533804858808	5913	545	0.0131818611394938	13195000	24
20220529 004809	binary	custom	TRUE	TRUE	FALSE	-100	999983	-1	0	0	0	31	163	TRUE	999983	0.0426117023503742	0.200024173374128	3354	72	0.0147506677590585	13535000	25
20220529 004831	binary	custom	TRUE	TRUE	FALSE	-100	999983	-1	0	0	0	31	153	TRUE	999983	0.0687334880792788	0.215480589623514	3571	394	0.0141424116575867	13293000	26
20220529 004840	binary	custom	TRUE	TRUE	FALSE	-100	999983	-1	0	0	0	31	27	TRUE	999983	0.294683304547935	0.200209555519356	6249	16	0.0110414947204601	11771000	27
20220529 004849	binary	custom	TRUE	TRUE	FALSE	-100	999983	-1	0	0	0	31	20	TRUE	999983	0.198682118998707	0.634513829730245	5641	609	0.0158708895149074	12620000	28
20220529 005024	binary	custom	TRUE	TRUE	FALSE	-100	999983	-1	0	0	0	31	584	TRUE	999983	0.0110164768927454	0.378401549019924	3819	183	0.0170696940365041	13802000	29
20220529 005141	binary	custom	TRUE	TRUE	FALSE	-100	999983	-1	0	0	0	31	760	TRUE	999983	0.0101608150765806	0.815587261006456	8000	712	0.0175940057876119	12960000	30
20220529 005254	binary	custom	TRUE	TRUE	FALSE	-100	999983	-1	0	0	0	31	669	TRUE	999983	0.0204445259081386	0.200745220639696	7936	138	0.0178186235476775	13276000	31
20220529 005427	binary	custom	TRUE	TRUE	FALSE	-100	999983	-1	0	0	0	31	555	TRUE	999983	0.0100276187068373	0.201189309847789	4941	133	0.0199777019137637	13172000	32
20220529 005449	binary	custom	TRUE	TRUE	FALSE	-100	999983	-1	0	0	0	31	23	TRUE	999983	0.0342004896220723	0.443966687718168	3878	130	0.00833953902376504	11475000	33
20220529 005456	binary	custom	TRUE	TRUE	FALSE	-100	999983	-1	0	0	0	31	16	TRUE	999983	0.276026990425137	0.778390201319024	7979	660	0.031597904427302	10950000	34
20220529 005616	binary	custom	TRUE	TRUE	FALSE	-100	999983	-1	0	0	0	31	581	TRUE	999983	0.0160631772687191	0.566862695415112	4546	18	0.0164969880807049	13664000	35
20220529 005756	binary	custom	TRUE	TRUE	FALSE	-100	999983	-1	0	0	0	31	500	TRUE	999983	0.0101470918000707	0.515737214495623	4137	185	0.0159403296813373	14120000	36
20220529 005859	binary	custom	TRUE	TRUE	FALSE	-100	999983	-1	0	0	0	31	529	TRUE	999983	0.0103257683284978	0.939112001231966	6249	179	0.0161241094721113	13236000	37
20220529 010015	binary	custom	TRUE	TRUE	FALSE	-100	999983	-1	0	0	0	31	677	TRUE	999983	0.0104198334924205	0.999348181996443	4836	928	0.0141227098565633	13076000	38
20220529 010024	binary	custom	TRUE	TRUE	FALSE	-100	999983	-1	0	0	0	31	28	TRUE	999983	0.29836725957915	0.203003127463411	6866	16	0.0249351778071153	12256000	39
20220529 010129	binary	custom	TRUE	TRUE	FALSE	-100	999983	-1	0	0	0	31	473	TRUE	999983	0.010391771879122	0.770730618043642	4449	465	0.0156679315525351	13482000	40
20220529 010321	binary	custom	TRUE	TRUE	FALSE	-100	999983	-1	0	0	0	31	808	TRUE	999983	0.010118210374639	0.290907740537492	5969	762	0.0160636968733079	13461000	41
20220529 010452	binary	custom	TRUE	TRUE	FALSE	-100	999983	-1	0	0	0	31	503	TRUE	999983	0.0100170557149273	0.438879822023743	6102	143	0.0154287681513971	13661000	42
20220529 010557	binary	custom	TRUE	TRUE	FALSE	-100	999983	-1	0	0	0	31	477	TRUE	999983	0.012314998933789	0.930009770703187	3258	151	0.0161665880508942	13338000	43
20220529 010756	binary	custom	TRUE	TRUE	FALSE	-100	999983	-1	0	0	0	31	854	TRUE	999983	0.0103021676649171	0.35981104182581	4164	750	0.0136050707044039	13541000	44
20220529 010911	binary	custom	TRUE	TRUE	FALSE	-100	999983	-1	0	0	0	31	422	TRUE	999983	0.0103445623255966	0.584273157237651	7995	48	0.0225855977193308	12438000	45
20220529 011046	binary	custom	TRUE	TRUE	FALSE	-100	999983	-1	0	0	0	31	466	TRUE	999983	0.0105265697720883	0.545858689178662	3858	213	0.0152759967793003	13609000	46
20220529 011114	binary	custom	TRUE	TRUE	FALSE	-100	999983	-1	0	0	0	31	168	TRUE	999983	0.038916865147873	0.268106983630079	4618	162	0.0160918448499219	13524000	47
20220529 011155	binary	custom	TRUE	TRUE	FALSE	-100	999983	-1	0	0	0	31	226	TRUE	999983	0.0328898416431844	0.489056399105373	4646	181	0.0176665074783573	13659000	48
20220529 011330	binary	custom	TRUE	TRUE	FALSE	-100	999983	-1	0	0	0	31	505	TRUE	999983	0.0124202225558199	0.428998816760999	8000	165	0.014156362978035	13403000	49
20220529 011453	binary	custom	TRUE	TRUE	FALSE	-100	999983	-1	0	0	0	31	347	TRUE	999983	0.0104276254128154	0.537830432825486	7195	298	0.0192753777891612	12993000	50
20220529 011629	binary	custom	TRUE	TRUE	FALSE	-100	999983	-1	0	0	0	31	536	TRUE	999983	0.0100772633027155	0.574969983485922	4108	973	0.0168287122529758	13811000	51
20220529 011812	binary	custom	TRUE	TRUE	FALSE	-100	999983	-1	0	0	0	31	495	TRUE	999983	0.0102700382118849	0.522073412476042	4065	736	0.0173744266405328	13958000	52
20220529 011912	binary	custom	TRUE	TRUE	FALSE	-100	999983	-1	0	0	0	31	198	TRUE	999983	0.0180400232358417	0.462270125885506	4233	57	0.0136534095407545	13223000	53
20220529 012053	binary	custom	TRUE	TRUE	FALSE	-100	999983	-1	0	0	0	31	373	TRUE	999983	0.0100905945659549	0.535990264562855	1928	788	0.0163026630069903	13702000	54
20220529 012300	binary	custom	TRUE	TRUE	FALSE	-100	999983	-1	0	0	0	31	383	TRUE	999983	0.0103386977513896	0.516510038662138	732	189	0.0160674788063105	13403000	55
20220529 012412	binary	custom	TRUE	TRUE	FALSE	-100	999983	-1	0	0	0	31	426	TRUE	999983	0.0100679764454596	0.653982765551858	4135	789	0.0166243061912552	13649000	56
20220529 012514	binary	custom	TRUE	TRUE	FALSE	-100	999983	-1	0	0	0	31	478	TRUE	999983	0.0159826797151617	0.206529406826785	5810	993	0.0185282899807567	13618000	57
20220529 012555	binary	custom	TRUE	TRUE	FALSE	-100	999983	-1	0	0	0	31	236	TRUE	999983	0.03582289501739	0.368472026108008	2984	1024	0.0179414197504761	13395000	58
20220529 012743	binary	custom	TRUE	TRUE	FALSE	-100	999983	-1	0	0	0	31	435	TRUE	999983	0.0101123410138467	0.471815995125423	1556	1022	0.0135288571429117	13416000	59
20220529 012752	binary	custom	TRUE	TRUE	FALSE	-100	999983	-1	0	0	0	31	27	TRUE	999983	0.284357609285116	0.204329954926862	7684	953	0.0199922975287185	12562000	60
20220529 012946	binary	custom	TRUE	TRUE	FALSE	-100	999983	-1	0	0	0	31	771	TRUE	999983	0.0118722768403737	0.399148033792698	4632	613	0.0183646071899839	13529000	61
20220529 013144	binary	custom	TRUE	TRUE	FALSE	-100	999983	-1	0	0	0	31	105	TRUE	999983	0.0102864538386804	0.922697677420828	341	730	0.0132009542665791	12836000	62
20220529 013154	binary	custom	TRUE	TRUE	FALSE	-100	999983	-1	0	0	0	31	32	TRUE	999983	0.299656853411783	0.200570529378481	7991	379	0.0280433931745683	11946000	63
20220529 013334	binary	custom	TRUE	TRUE	FALSE	-100	999983	-1	0	0	0	31	772	TRUE	999983	0.0160412064316323	0.459943685947066	6454	1020	0.0175140938838076	13628000	64
20220529 013503	binary	custom	TRUE	TRUE	FALSE	-100	999983	-1	0	0	0	31	701	TRUE	999983	0.0148867208721978	0.202236463239249	3314	1018	0.0159022703248893	13250000	65
20220529 013551	binary	custom	TRUE	TRUE	FALSE	-100	999983	-1	0	0	0	31	360	TRUE	999983	0.0177586646506743	0.202191137850799	7722	731	0.0206433994808843	13124000	66
20220529 013703	binary	custom	TRUE	TRUE	FALSE	-100	999983	-1	0	0	0	31	478	TRUE	999983	0.0100163754827612	0.797026122095649	3540	1021	0.0120618830266166	12981000	67
20220529 013853	binary	custom	TRUE	TRUE	FALSE	-100	999983	-1	0	0	0	31	629	TRUE	999983	0.0101226711538725	0.498154232819508	5194	899	0.0179096183402018	13623000	68
20220529 013901	binary	custom	TRUE	TRUE	FALSE	-100	999983	-1	0	0	0	31	10	TRUE	999983	0.29885523083331	0.858564763171015	2535	1024	0.0135047727305389	12611000	69
20220529 014038	binary	custom	TRUE	TRUE	FALSE	-100	999983	-1	0	0	0	31	747	TRUE	999983	0.0100378290235828	0.673446294385659	2740	561	0.0170742667217107	13752000	70
20220529 014142	binary	custom	TRUE	TRUE	FALSE	-100	999983	-1	0	0	0	31	593	TRUE	999983	0.0124776250058037	0.974134944039202	3777	20	0.020700441614367	12672000	71
20220529 014252	binary	custom	TRUE	TRUE	FALSE	-100	999983	-1	0	0	0	31	748	TRUE	999983	0.0112565004747666	0.873109361601116	7999	1011	0.00834099796552728	11103000	72
20220529 014301	binary	custom	TRUE	TRUE	FALSE	-100	999983	-1	0	0	0	31	34	TRUE	999983	0.18690958682269	0.933384315798748	7966	439	0.0245059603039481	11815000	73
20220529 014312	binary	custom	TRUE	TRUE	FALSE	-100	999983	-1	0	0	0	31	42	TRUE	999983	0.23387022247469	0.200898105746711	5691	17	0.0305369845968835	11371000	74
20220529 014526	binary	custom	TRUE	TRUE	FALSE	-100	999983	-1	0	0	0	31	1032	TRUE	999983	0.0101533534491676	0.203701404541841	1650	680	0.0118544718368245	13144000	75
20220529 014602	binary	custom	TRUE	TRUE	FALSE	-100	999983	-1	0	0	0	31	15	TRUE	999983	0.105162561010117	0.254694857928829	24	974	0.00838110288574012	5779000	76
20220529 014711	binary	custom	TRUE	TRUE	FALSE	-100	999983	-1	0	0	0	31	673	TRUE	999983	0.0110088383575501	0.744831335353113	7052	476	0.0107849805225545	12452000	77
20220529 014854	binary	custom	TRUE	TRUE	FALSE	-100	999983	-1	0	0	0	31	456	TRUE	999983	0.0101784829667756	0.545413755263959	2632	664	0.012880900209218	13617000	78
20220529 015100	binary	custom	TRUE	TRUE	FALSE	-100	999983	-1	0	0	0	31	646	TRUE	999983	0.0102866671413062	0.474346439364995	1965	683	0.0143227887162499	13524000	79
20220529 015255	binary	custom	TRUE	TRUE	FALSE	-100	999983	-1	0	0	0	31	687	TRUE	999983	0.0100203065725327	0.461743618052254	4186	968	0.0197137423156764	13365000	80
20220529 015303	binary	custom	TRUE	TRUE	FALSE	-100	999983	-1	0	0	0	31	14	TRUE	999983	0.256703155001499	0.203778607135598	7996	743	0.0232103859329703	12423000	81
20220529 015442	binary	custom	TRUE	TRUE	FALSE	-100	999983	-1	0	0	0	31	505	TRUE	999983	0.0100256889197408	0.430410652010995	3000	121	0.0159251370019805	13720000	82
20220529 015726	binary	custom	TRUE	TRUE	FALSE	-100	999983	-1	0	0	0	31	57	TRUE	999983	0.0114474753174479	0.82911153860496	12	984	0.0172896872093085	2610000	83
20220529 015828	binary	custom	TRUE	TRUE	FALSE	-100	999983	-1	0	0	0	31	44	TRUE	999983	0.0110517817097633	0.999765006018554	1104	594	0.00839112805486744	11631000	84
20220529 020001	binary	custom	TRUE	TRUE	FALSE	-100	999983	-1	0	0	0	31	487	TRUE	999983	0.0113395663554433	0.964647184005869	1467	607	0.0127633445864751	13213000	85
20220529 020127	binary	custom	TRUE	TRUE	FALSE	-100	999983	-1	0	0	0	31	457	TRUE	999983	0.0108230393152095	0.200213771279043	866	80	0.0134634406341443	13001000	86
20220529 020255	binary	custom	TRUE	TRUE	FALSE	-100	999983	-1	0	0	0	31	465	TRUE	999983	0.014861726950969	0.474820294042221	2290	373	0.0163317186189962	13359000	87
20220529 020406	binary	custom	TRUE	TRUE	FALSE	-100	999983	-1	0	0	0	31	100	TRUE	999983	0.0102474329631013	0.635684860733634	941	606	0.012990025684728	13312000	88
20220529 020609	binary	custom	TRUE	TRUE	FALSE	-100	999983	-1	0	0	0	31	654	TRUE	999983	0.0105594458477993	0.550265950477282	3243	130	0.0184880850804038	13539000	89
20220529 020618	binary	custom	TRUE	TRUE	FALSE	-100	999983	-1	0	0	0	31	17	TRUE	999983	0.295207081243278	0.200062092406128	2968	920	0.013076636145764	12331000	90
20220529 020631	binary	custom	TRUE	TRUE	FALSE	-100	999983	-1	0	0	0	31	73	TRUE	999983	0.0809460948876495	0.999976517967952	7981	631	0.013776787555369	12992000	91
20220529 020741	binary	custom	TRUE	TRUE	FALSE	-100	999983	-1	0	0	0	31	618	TRUE	999983	0.0104971017130179	0.722789675159416	5371	341	0.0228416907487457	12621000	92
20220529 020929	binary	custom	TRUE	TRUE	FALSE	-100	999983	-1	0	0	0	31	948	TRUE	999983	0.0100826196848492	0.203568549541462	7061	1023	0.0296989249251528	11537000	93
20220529 021017	binary	custom	TRUE	TRUE	FALSE	-100	999983	-1	0	0	0	31	347	TRUE	999983	0.0208158221102064	0.200215745066498	4172	99	0.0117087381274593	13166000	94
20220529 021028	binary	custom	TRUE	TRUE	FALSE	-100	999983	-1	0	0	0	31	19	TRUE	999983	0.299814322695601	0.531556169226031	4150	65	0.0216450422255439	12295000	95
20220529 021038	binary	custom	TRUE	TRUE	FALSE	-100	999983	-1	0	0	0	31	36	TRUE	999983	0.290292140601503	0.292917571226838	8000	41	0.0148982714752977	12591000	96
20220529 021217	binary	custom	TRUE	TRUE	FALSE	-100	999983	-1	0	0	0	31	421	TRUE	999983	0.0100575178555428	0.539313312391757	2910	790	0.0161457123348438	13921000	97
20220529 021242	binary	custom	TRUE	TRUE	FALSE	-100	999983	-1	0	0	0	31	135	TRUE	999983	0.0422992986287321	0.316590661144276	1265	16	0.0158944580011533	13512000	98
20220529 021323	binary	custom	TRUE	TRUE	FALSE	-100	999983	-1	0	0	0	31	234	TRUE	999983	0.010267054800243	0.973084093958836	476	19	0.0136559631052696	13150000	99
20220529 021425	binary	custom	TRUE	TRUE	FALSE	-100	999983	-1	0	0	0	31	498	TRUE	999983	0.014911357720919	0.200283132920518	4216	16	0.0267961694208031	12147000	100
20220529 021600	binary	custom	TRUE	TRUE	FALSE	-100	999983	-1	0	0	0	31	830	TRUE	999983	0.0103243218125361	0.226860802904683	7998	198	0.0262612486522509	11947000	101
20220529 021627	binary	custom	TRUE	TRUE	FALSE	-100	999983	-1	0	0	0	31	194	TRUE	999983	0.0360419350559116	0.976210427537187	5012	993	0.0334930600182215	11114000	102
20220529 021645	binary	custom	TRUE	TRUE	FALSE	-100	999983	-1	0	0	0	31	115	TRUE	999983	0.0847036847521349	0.200419169627028	7997	536	0.0156215657424282	13328000	103
20220529 021709	binary	custom	TRUE	TRUE	FALSE	-100	999983	-1	0	0	0	31	186	TRUE	999983	0.0573440064126195	0.200444375009004	6901	157	0.0145651385310499	13203000	104
20220529 021850	binary	custom	TRUE	TRUE	FALSE	-100	999983	-1	0	0	0	31	1011	TRUE	999983	0.0112669999824745	0.200415997630134	8000	108	0.00954860003653115	12133000	105
20220529 021906	binary	custom	TRUE	TRUE	FALSE	-100	999983	-1	0	0	0	31	49	TRUE	999983	0.0986617889925514	0.722695972179785	7992	39	0.0158598749101651	13079000	106
20220529 021930	binary	custom	TRUE	TRUE	FALSE	-100	999983	-1	0	0	0	31	133	TRUE	999983	0.0633634147264153	0.62007317372727	2717	892	0.0135505944698282	13451000	107
20220529 022033	binary	custom	TRUE	TRUE	FALSE	-100	999983	-1	0	0	0	31	476	TRUE	999983	0.0116438454213545	0.999577902669133	4273	571	0.0102224719704502	12430000	108
20220529 022042	binary	custom	TRUE	TRUE	FALSE	-100	999983	-1	0	0	0	31	44	TRUE	999983	0.298826347932057	0.963916240544648	7999	466	0.010728132149262	11968000	109
20220529 022102	binary	custom	TRUE	TRUE	FALSE	-100	999983	-1	0	0	0	31	96	TRUE	999983	0.0926242086308722	0.473831987144716	5943	19	0.0209203987886867	13057000	110
20220529 022110	binary	custom	TRUE	TRUE	FALSE	-100	999983	-1	0	0	0	31	14	TRUE	999983	0.297242913143466	0.980248853807592	4190	135	0.0143217025313924	12619000	111
20220529 022239	binary	custom	TRUE	TRUE	FALSE	-100	999983	-1	0	0	0	31	596	TRUE	999983	0.0111418728604502	0.395634327514424	7966	16	0.0344196748081243	10770000	112
20220529 022324	binary	custom	TRUE	TRUE	FALSE	-100	999983	-1	0	0	0	31	276	TRUE	999983	0.019598270277206	0.245291306510954	6045	1024	0.0216715081305518	13162000	113
20220529 022332	binary	custom	TRUE	TRUE	FALSE	-100	999983	-1	0	0	0	31	18	TRUE	999983	0.299536107600202	0.990612444544945	4926	1024	0.0269754937425508	12233000	114
20220529 022341	binary	custom	TRUE	TRUE	FALSE	-100	999983	-1	0	0	0	31	33	TRUE	999983	0.229001672947084	0.996483815075969	4185	17	0.0260005425868288	11187000	115
20220529 022407	binary	custom	TRUE	TRUE	FALSE	-100	999983	-1	0	0	0	31	169	TRUE	999983	0.0549540462833205	0.26223292523474	4359	1024	0.0284880878967779	11963000	116
20220529 022418	binary	custom	TRUE	TRUE	FALSE	-100	999983	-1	0	0	0	31	18	TRUE	999983	0.298731849055054	0.499896699649817	4152	1024	0.0182683535420226	12013000	117
20220529 022552	binary	custom	TRUE	TRUE	FALSE	-100	999983	-1	0	0	0	31	1059	TRUE	999983	0.0100878298110379	0.983832164378842	6334	1023	0.0261524015451426	12170000	118
20220529 022725	binary	custom	TRUE	TRUE	FALSE	-100	999983	-1	0	0	0	31	767	TRUE	999983	0.0105427068661122	0.202856384590514	5270	1019	0.0112022676410393	12888000	119
20220529 022735	binary	custom	TRUE	TRUE	FALSE	-100	999983	-1	0	0	0	31	43	TRUE	999983	0.296902273032678	0.204116345922361	6081	1023	0.03457447834237	10381000	120
