Feature	Gain	Cover	Frequency
ctrx_quarter	0.199594268279094	0.0172217811616035	0.0134394915641075
mcuentas_saldo	0.0408807881722182	0.0137249363523979	0.0190839024561527
mtarjeta_visa_consumo	0.0313898564079416	0.0115896634187471	0.0153004792921224
mcaja_ahorro	0.0261663365288605	0.00778438969743008	0.0125441106761004
ctrx_quarter_lag1	0.0249486082014703	0.00682408858397688	0.00870801804806967
mdescubierto_preacordado	0.0215138050637013	0.00175639462017621	0.00165908811601327
foto_mes	0.0192871596759855	0.015570434778465	0.016503098720132
mpayroll	0.0167519980590135	0.011920432960637	0.0054249547920434
cpayroll_trx	0.0167449176152368	0.00792349655864419	0.00466124756403729
ctarjeta_visa	0.0164974859862674	0.000723907716701723	0.000728594252005829
mprestamos_personales	0.0163943520796911	0.00740026182976076	0.00337084569602697
mcuenta_corriente	0.013820390152194	0.00664293644231912	0.0101564283080813
Visa_fultimo_cierre_lag1	0.0119930467201679	0.00278936282931052	0.00589897996804719
mdescubierto_preacordado_delta1	0.0112306702872967	0.00386096610521163	0.0010621675240085
mpasivos_margen	0.0110433016080122	0.0094106416600002	0.0099369722080795
Master_status	0.00997916290689272	0.00186772078694376	0.000754928984006039
mactivos_margen	0.00900993616285497	0.00853270325364536	0.0141680858161133
numero_de_cliente	0.00873278464589351	0.00959147862113088	0.0169859021401359
ctrx_quarter_delta1	0.00863905151433633	0.00671225459249161	0.0118330729120947
cliente_edad	0.00860404697863698	0.00908347383291501	0.01500201899612
cproductos_delta1	0.00829046137839986	0.00427703518745253	0.00140451904001124
Visa_status	0.00815008255297445	0.00108031318612933	0.000667146544005337
mrentabilidad_annual_delta1	0.00810506103702449	0.00684841768587178	0.0130269140961042
cliente_edad_lag1	0.00800550583254378	0.00767891608860751	0.0134307133201074
mrentabilidad_annual	0.00797508493237785	0.0075420724918166	0.0113327130040907
Master_fechaalta	0.00669010812665517	0.00833674204705772	0.0118506294000948
Visa_Fvencimiento_lag1	0.00657466660841533	0.00562505948222779	0.0121051984760968
Visa_fechaalta_lag1	0.00651304946514677	0.00441127313439757	0.0095243947400762
Master_Fvencimiento	0.00648845900003967	0.00585510796576701	0.0114117172000913
ctarjeta_visa_trx	0.00634638014178278	0.00671907966830086	0.0110781439280886
mcuenta_corriente_lag1	0.00629616743217876	0.00792162894637201	0.0108938008040872
mprestamos_personales_delta1	0.00625166000621293	0.00915252801177565	0.00324795028002598
mrentabilidad	0.0058826691958303	0.00481165078340031	0.00841833599606735
mrentabilidad_annual_lag1	0.00578614261221354	0.0066971842996007	0.00938394283607507
Visa_Fvencimiento	0.00570331610685728	0.00775675340992231	0.0105251145560842
Visa_fechaalta	0.00563575371758241	0.00583827209801343	0.0104548886040836
Master_fechaalta_lag1	0.00554847904242125	0.00622568238493409	0.0106041187520848
mcaja_ahorro_dolares_delta1	0.00552333388973865	0.0059360509126139	0.00620621850804965
mcuentas_saldo_delta1	0.00551294050593314	0.00823412045622514	0.00960339893607683
Master_Fvencimiento_lag1	0.00541521059521759	0.00389729721451813	0.010621675240085
mcaja_ahorro_lag1	0.00540133443359184	0.00572570395536813	0.00988430274407907
chomebanking_trx	0.00525540489345084	0.00443262547204455	0.00873435278006988
mcaja_ahorro_delta1	0.00471120974841692	0.00735152993651988	0.00809354096806475
ccaja_ahorro	0.00457745011310946	0.00382235664305245	0.00310749837602486
mcomisiones_mantenimiento	0.00456918501425827	0.00675547776108978	0.00465246932003722
mactivos_margen_delta1	0.00448551391408088	0.00418126816345047	0.00767218525606138
Visa_mpagominimo	0.00445527365794972	0.00687739791046263	0.00884846995207079
mcuenta_corriente_delta1	0.00428821419001719	0.00812168384201062	0.0080496497480644
mrentabilidad_delta1	0.0042632541477373	0.00422303339349831	0.00787408486806299
mtransferencias_recibidas	0.00421304245258493	0.00459970064241935	0.00664513070805316
cliente_antiguedad_lag1	0.00412416385988344	0.00475455372768375	0.00879580048807037
Master_mfinanciacion_limite	0.00409700053249179	0.004815420757055	0.00766340701206131
mcuentas_saldo_lag1	0.00402226897273505	0.00584852826744741	0.00757562457206061
mactivos_margen_lag1	0.00383413614295448	0.0063128397834211	0.00739128144805913
Visa_mfinanciacion_limite	0.00379551379825069	0.00451805638841802	0.00605698836004846
chomebanking_trx_delta1	0.0037835195216091	0.00628085254151917	0.00720693832405766
Visa_mpagospesos_lag1	0.00377220924469528	0.00564985830674574	0.00757562457206061
Visa_msaldototal	0.00376920242288124	0.00188610367594499	0.00388876209203111
mrentabilidad_lag1	0.00373707121537479	0.00359372182342955	0.00718060359205744
cliente_antiguedad	0.00368915155324558	0.00373448041044746	0.00804087150406433
Visa_mpagominimo_lag1	0.00367906222217064	0.0052233734834984	0.00658368300005267
cproductos	0.00360618068511221	0.00663832807017339	0.0072244948120578
mcaja_ahorro_dolares_lag1	0.00357179026747748	0.00416067291442452	0.00650467880405204
ccomisiones_mantenimiento_delta1	0.00355696432559365	0.00485179873193794	0.00144841026001159
mprestamos_personales_lag1	0.00351006184680532	0.0027029606143398	0.00143085377201145
Visa_fultimo_cierre	0.00344904947375662	0.00417691614219765	0.00672413490405379
Visa_mpagospesos_delta1	0.00344282232574614	0.00506284524364178	0.00799698028406398
Master_mfinanciacion_limite_lag1	0.00331252105096277	0.00529507210013728	0.0061623272880493
chomebanking_trx_lag1	0.00328768890303078	0.00312997498049882	0.00712793412805702
mtransferencias_recibidas_lag1	0.00325317400037131	0.00524574848136622	0.00638178338805105
mcomisiones_otras	0.00312958894471823	0.00253411346795043	0.00494215137203954
mpasivos_margen_lag1	0.00312639379278821	0.00480956309342933	0.00662757422005302
Visa_mpagospesos	0.00303141014909473	0.00447570712946313	0.00610087958004881
Visa_Finiciomora	0.0030287723939422	0.00611655112743191	0.00128162362401025
Visa_mfinanciacion_limite_lag1	0.00302448216738091	0.00284805300980927	0.0055127372320441
Master_fultimo_cierre	0.00298542726159024	0.00271735383300849	0.00568830211204551
mpasivos_margen_delta1	0.00298153605980448	0.00384466320955825	0.00661001773205288
Master_fultimo_cierre_lag1	0.00294397542923912	0.00388991013281255	0.0060745448480486
Visa_mconsumospesos_lag1	0.00294105707331698	0.00286670787156223	0.00589897996804719
Visa_cconsumos_lag1	0.00292231591476757	0.0038844388244268	0.00546006776804368
thomebanking	0.00291193937459276	0.00172608486109406	0.00159764040801278
Visa_mconsumospesos	0.00286866005969409	0.0026047276989751	0.0063378921680507
mcaja_ahorro_dolares	0.00281479062962229	0.00563297587823248	0.00590775821204726
mcomisiones	0.00277174118690711	0.00350627835441578	0.00500359908004003
Visa_mpagominimo_delta1	0.00272568449007316	0.00307107828664697	0.00539862006004319
mcuenta_debitos_automaticos	0.00264191432369444	0.00845050667167975	0.00416088765603329
ccomisiones_mantenimiento	0.00257404580785193	0.00302581482708359	0.00126406713601011
mtransferencias_emitidas	0.00255462735262072	0.00849173870101483	0.00661001773205288
cmobile_app_trx	0.00255150824303663	0.00298470365759279	0.0049245948840394
ccomisiones_otras	0.00249875096692596	0.00448534444467553	0.0040379922400323
Visa_mlimitecompra_lag1	0.00246011098644353	0.00358164406905375	0.00407310521603258
Visa_cconsumos	0.00243084085376831	0.00296484202629755	0.00489826015203919
ccomisiones_otras_lag1	0.00240008393907233	0.00421592148512041	0.00448568268403589
Visa_msaldopesos	0.00239488271675855	0.00363039425130007	0.0051879422040415
mtarjeta_visa_consumo_lag1	0.00237178548260538	0.00446522989167589	0.00316016784002528
Visa_mconsumospesos_delta1	0.00236050925676657	0.00345738605135636	0.00522305518004179
mtarjeta_visa_debitos_automaticos_lag1	0.0022963370811971	0.00489139267601911	0.00452079566003617
mpayroll_lag1	0.00226664524672124	0.0056828991477694	0.00439790024403518
Visa_mlimitecompra	0.00222065314892519	0.0023016790312432	0.00350251935602802
mcomisiones_mantenimiento_lag1	0.00216777236101516	0.00636715127120077	0.00402043575203216
Master_mlimitecompra	0.0021354993300576	0.00252880599857176	0.00382731438403062
mtransferencias_recibidas_delta1	0.00211241295147777	0.00373783004179379	0.00502115556804017
Visa_mconsumosdolares_lag1	0.00207164306962324	0.00369635949334609	0.00490703839603926
mcomisiones_lag1	0.00206315447026298	0.00149050517267628	0.00371319721202971
mcomisiones_otras_lag1	0.00205754225856366	0.00147118146675355	0.00400287926403202
Visa_msaldopesos_lag1	0.00198207513451452	0.00295348272501879	0.00341473691602732
mtransferencias_emitidas_delta1	0.00196821681272995	0.00404143522872039	0.0036868624800295
mtransferencias_emitidas_lag1	0.0019395819203497	0.00295958172731207	0.00479292122403834
mautoservicio	0.00192896849611146	0.00653168457463617	0.00402043575203216
mtarjeta_visa_debitos_automaticos	0.00191344496285345	0.00248495986072579	0.0038624273600309
cmobile_app_trx_lag1	0.00191326131395926	0.00359571677290211	0.00428378307203427
mtarjeta_visa_debitos_automaticos_delta1	0.0018987644555771	0.00498325210160055	0.003125054864025
Visa_msaldototal_delta1	0.00188461477282275	0.00252615531204999	0.00387998384803104
mpayroll_delta1	0.00186266315043777	0.00788361776330328	0.00455590863603645
ctransferencias_recibidas_lag1	0.00183790843245966	0.00280885136489478	0.00414333116803315
mcomisiones_otras_delta1	0.00181379525468353	0.00232649340141577	0.0036868624800295
Visa_mconsumosdolares	0.0018119020779793	0.00235402170758725	0.00387998384803104
Master_mlimitecompra_lag1	0.00179933631850105	0.00208331546948377	0.00301971593602416
ccallcenter_trx_delta1	0.0017877038016391	0.00271198677195375	0.00114117172000913
mcomisiones_delta1	0.00178742357909504	0.00259201257275972	0.00392387506803139
cproductos_lag1	0.00175890635574121	0.00264198217444375	0.00371319721202971
tcallcenter	0.0017567627434468	0.000762905667818125	0.000921715620007374
Visa_msaldopesos_delta1	0.00171813619984429	0.00264540511422022	0.00338840218402711
ccaja_ahorro_delta1	0.00171760199095965	0.00557127708013466	0.000553029372004424
mpagomiscuentas	0.00169409371045434	0.00314210333445633	0.00296704647202374
ctarjeta_visa_trx_lag1	0.00165830629285556	0.00511290240393935	0.00373075370002985
Visa_Finiciomora_lag1	0.00163145809152299	0.00558400173187371	0.00111483698800892
ccallcenter_trx	0.00155425063204032	0.00682585644496522	0.00246668656401973
cprestamos_personales	0.00155354637748939	0.00240166875798878	0.000965606840007725
ctransferencias_recibidas	0.00149143937727312	0.00273910654746622	0.00280903808002247
Visa_msaldototal_lag1	0.00148712433671272	0.00146875459193585	0.00289682052002317
mtarjeta_master_consumo	0.00144810005964491	0.00149317757739201	0.00136062782001089
Visa_cconsumos_delta1	0.00144649839052104	0.00310131069847694	0.00291437700802332
internet	0.00139866869233933	0.00307641570427206	0.00199266138801594
Master_mpagominimo_lag1	0.00133332077293393	0.00172953782532113	0.00208922207201671
Master_msaldopesos	0.00132262865140511	0.00344707394804741	0.00192243543601538
mpagomiscuentas_lag1	0.00128435585411285	0.0039795090373216	0.00270369915202163
Master_mpagospesos_lag1	0.0012713080162525	0.00338305694230589	0.00296704647202374
mautoservicio_lag1	0.00126455988596851	0.00282085878280383	0.00334451096402676
ctarjeta_visa_debitos_automaticos_lag1	0.00124562383300558	0.00343008795804085	0.00226478695201812
ctarjeta_debito	0.00123061927942498	0.00152915860465271	0.00236134763601889
ccaja_seguridad	0.00121343453312439	0.00285632512696977	0.000667146544005337
Master_mpagominimo	0.00120905188036632	0.0043980835608994	0.00249302129601994
ctarjeta_debito_trx_lag1	0.0012061042155155	0.00429018140076697	0.00313383310802507
Visa_mconsumosdolares_delta1	0.00119848634436782	0.00207329911463362	0.00257202549202058
Master_fultimo_cierre_delta1	0.00118243803402756	0.00122947465669663	0.00241401710001931
mautoservicio_delta1	0.00116764168023636	0.00532056659269964	0.00274759037202198
mtarjeta_visa_consumo_delta1	0.00115368439478734	0.00288717707885902	0.00286170754402289
mcuenta_debitos_automaticos_lag1	0.00114523630931045	0.00195911887236297	0.00249302129601994
cmobile_app_trx_delta1	0.00113786485005211	0.00242885201159097	0.00260713846802086
mcomisiones_mantenimiento_delta1	0.00112596467051813	0.00833735861515362	0.00164153162801313
internet_lag1	0.00111754170377431	0.00263336172793381	0.0020628873400165
ccomisiones_otras_delta1	0.00107635663063097	0.00142386925755995	0.00207166558401657
ctarjeta_debito_lag1	0.0010678382420414	0.00166449107236914	0.00203655260801629
Visa_fultimo_cierre_delta1	0.00105407546405043	0.00205606553721592	0.00208044382801664
ctarjeta_debito_trx	0.00104086072658577	0.00143888338796332	0.00249302129601994
ccaja_seguridad_lag1	0.00101044368981177	0.00068176687620465	0.000298460296002388
ctransferencias_emitidas	0.00099877275911501	0.00474435341592056	0.00278270334802226
cplazo_fijo	0.000962133922864747	0.00282081572743685	0.000465246932003722
Master_msaldototal_lag1	0.000926634532962506	0.00164026332204606	0.00194877016801559
ctransferencias_emitidas_lag1	0.00091389420178114	0.00420103629220539	0.00219456100001756
Master_msaldototal	0.000888199059958898	0.00199774761418206	0.00215944802401728
ctransferencias_emitidas_delta1	0.000856624750350077	0.00223777656039824	0.00163275338401306
mdescubierto_preacordado_lag1	0.00083213084689501	0.00085199408046284	0.000974385084007795
ctarjeta_visa_trx_delta1	0.000809017583464763	0.002151443767444	0.00178198353201426
ctarjeta_debito_trx_delta1	0.000798362094919582	0.00329227123375215	0.00217700451201742
Master_mpagospesos_delta1	0.000786286363342394	0.00425604375284624	0.00177320528801419
ctarjeta_visa_debitos_automaticos	0.000782933704451708	0.00122699261004585	0.00158008392001264
Master_mpagospesos	0.000777699884732669	0.00360123037461293	0.00296704647202374
Visa_mpagado	0.000761575856000771	0.00261514465924857	0.0018873224600151
mextraccion_autoservicio_delta1	0.000759190925755829	0.00308262352614771	0.0017995400200144
cpayroll_trx_lag1	0.000751593864891488	0.000525839388074836	0.000667146544005337
ccuenta_debitos_automaticos_lag1	0.000748269151596558	0.00288610122811402	0.00153619270001229
mextraccion_autoservicio	0.000747024471039213	0.00188609719858889	0.00182587475201461
ccajas_consultas_delta1	0.000740071502756361	0.00363987359522799	0.000719816008005759
Master_mconsumospesos_lag1	0.000723091152142353	0.00200546595549867	0.00180831826401447
Master_mconsumospesos	0.000698333563150509	0.00172142893753418	0.00196632665601573
ccaja_ahorro_lag1	0.000694525444317574	0.00117158949725399	0.000939272108007514
mcuenta_debitos_automaticos_delta1	0.000684169276902506	0.00384431198444962	0.00167664460401341
Master_status_lag1	0.000673253253676449	0.00191251094228719	0.000298460296002388
mprestamos_prendarios	0.000662732010085787	0.00606988970201521	0.000658368300005267
ccomisiones_mantenimiento_lag1	0.00066233012003914	0.00155593477547548	0.00114117172000913
tcuentas_lag1	0.000661928890322309	0.00483087991992408	0.000588142348004705
mextraccion_autoservicio_lag1	0.000643829468219567	0.0011010232748686	0.00194877016801559
ctransferencias_recibidas_delta1	0.00063564366509663	0.00153210366795787	0.00166786636001334
Master_msaldopesos_lag1	0.000625259263445288	0.00136407327806978	0.00137818430801103
cpagomiscuentas_lag1	0.0006169426388398	0.00107296253002625	0.0013869625520111
Visa_mpagado_delta1	0.000604786705515802	0.00196288701711712	0.00119384118400955
Master_mfinanciacion_limite_delta1	0.000604449726896437	0.00548346097263506	0.00114117172000913
mtarjeta_master_consumo_lag1	0.00060402584430259	0.00208248842541693	0.000904159132007233
ccuenta_debitos_automaticos	0.000594983448645408	0.0022938912679101	0.00139574079601117
mplazo_fijo_dolares_delta1	0.000578268955079725	0.00411771745114347	0.000596920592004775
cextraccion_autoservicio_lag1	0.00057251660401959	0.00289309806816602	0.00129040186801032
thomebanking_lag1	0.000569341796339745	0.000600136872386734	0.000904159132007233
Master_msaldototal_delta1	0.000566088029549368	0.00251507918553879	0.00115872820800927
mpagomiscuentas_delta1	0.000560816124281818	0.00154751939443903	0.00159764040801278
cpagomiscuentas	0.000542025040869604	0.00227788373969458	0.0013255148440106
Master_mpagominimo_delta1	0.000532439211303823	0.00271649653587849	0.00129918011201039
Master_cconsumos	0.000526936881406042	0.00159624633440761	0.00113239347600906
ctarjeta_visa_debitos_automaticos_delta1	0.000523961432619978	0.00213827766483615	0.000886602644007093
Master_mconsumospesos_delta1	0.000523678261419765	0.00240809452384593	0.00125528889201004
ccajas_otras_delta1	0.000523365536048181	0.00149181268415686	0.000272125564002177
cprestamos_personales_delta1	0.000520076772909664	0.00184346423143711	0.000324795028002598
ccajas_trx_delta1	0.000519603564714807	0.00101640667646234	0.000482803420003862
matm	0.00050828817489405	0.00109609377826902	0.00143085377201145
cextraccion_autoservicio	0.000478019076379691	0.00134905114622653	0.00103583279200829
matm_lag1	0.00047307717009941	0.00206023969789083	0.00158886216401271
Visa_msaldodolares_lag1	0.000447593435838571	0.00179529975459	0.0015625274320125
mplazo_fijo_dolares	0.000440616945454559	0.00217882080829966	0.00039502098000316
ccallcenter_trx_lag1	0.00043306626974695	0.00308655886289326	0.000842711424006742
matm_delta1	0.000425414643217219	0.00106961244145478	0.00112361523200899
Visa_mpagosdolares	0.000423186608596102	0.000750362077232933	0.000886602644007093
Master_cconsumos_lag1	0.000420784652466832	0.000626088742493481	0.000921715620007374
Master_msaldopesos_delta1	0.000417074926917901	0.00143713945509043	0.000930493864007444
Visa_mpagosdolares_lag1	0.000403886402008531	0.000907841158861761	0.000912937376007303
ctarjeta_master	0.000397709888091166	8.46963079883062e-05	0.000219456100001756
tpaquete7	0.000375240436231886	0.00196209716069468	0.000307238540002458
tcallcenter_lag1	0.000364063863710934	0.00113609716745948	0.000517916396004143
thomebanking_delta1	0.000361914453330346	0.000777783545130972	0.000702259520005618
Visa_msaldodolares_delta1	0.000361164575800804	0.00197191546085675	0.000860267912006882
catm_trx_lag1	0.000354556310885113	0.00270637494304287	0.00102705454800822
tmobile_app	0.000353206693646807	0.000222856636966705	0.000746150740005969
Visa_mlimitecompra_delta1	0.000341308737887323	0.000568795765806152	0.000596920592004775
Visa_status_lag1	0.000340661452124071	0.000425982637639636	0.000158008392001264
Master_mlimitecompra_delta1	0.000333479104078609	0.000709766810103917	0.000544251128004354
Visa_Fvencimiento_delta1	0.000329706867225004	0.000279518033332841	0.00079004196000632
mcaja_ahorro_adicional_lag1	0.00032909601757887	0.00461285348549826	0.000825154936006601
Visa_mfinanciacion_limite_delta1	0.000327150750820256	0.000849085366555992	0.000614477080004916
Visa_mconsumototal	0.000326391262070373	0.000565509536345347	0.000667146544005337
Visa_mpagado_lag1	0.000326071415825378	0.00163949510761339	0.00076370722800611
cprestamos_personales_lag1	0.000311454629431112	0.000895602689850659	0.000474025176003792
mttarjeta_master_debitos_automaticos	0.000309897060238406	0.00306725321736339	0.000728594252005829
Master_Fvencimiento_delta1	0.000299603867679606	0.000169956603181867	0.000640811812005127
Master_cconsumos_delta1	0.000298344137881194	0.00117102802478698	0.000596920592004775
mttarjeta_master_debitos_automaticos_lag1	0.000298117302409339	0.00114613181131507	0.000623255324004986
mtarjeta_master_consumo_delta1	0.000288476500683615	0.00190468012358712	0.000711037764005688
cpagomiscuentas_delta1	0.000287473616995008	0.00158321320811014	0.00078126371600625
ctarjeta_master_trx_lag1	0.000287465243856267	0.00056151498894469	0.000509138152004073
ctarjeta_master_trx	0.000283248529265666	0.00263711287915374	0.000798820204006391
mplazo_fijo_dolares_lag1	0.000283170405322554	0.00354736902497966	0.000667146544005337
cseguro_accidentes_personales_lag1	0.000279878145357387	0.000371983968057182	0.000561807616004495
Master_delinquency	0.000270051232450149	0.000455165108148976	0.000184343124001475
Visa_mconsumototal_delta1	0.000261390523784149	0.000320307773553035	0.000553029372004424
catm_trx	0.000248985364939088	0.00138102855778804	0.000649590056005197
ccajas_extracciones	0.000247348376376942	0.00247978727276223	0.000684703032005478
mcaja_ahorro_adicional	0.000244548642910586	0.00190006062562974	0.00037746449200302
Visa_msaldodolares	0.000238559910600312	0.000594190126063738	0.000588142348004705
matm_other_delta1	0.000237652763178754	0.000633594778938613	0.000535472884004284
matm_other	0.000232044689949954	0.0013630822425875	0.000544251128004354
cextraccion_autoservicio_delta1	0.000231066185060869	0.000716007171168413	0.000579364104004635
mforex_sell_delta1	0.000218605578852738	0.00114055313122655	0.000544251128004354
tmobile_app_lag1	0.000218041390091486	0.000103210573011944	0.000447690444003582
ccuenta_debitos_automaticos_delta1	0.000217025941029122	0.00199095302004854	0.00038624273600309
Visa_mconsumototal_lag1	0.000211884921771894	0.000180359313271932	0.000465246932003722
minversion1_pesos	0.000208299415807729	0.00250615034067462	0.000210677856001685
mforex_sell_lag1	0.000207810121458345	0.000307378361157249	0.000509138152004073
mttarjeta_master_debitos_automaticos_delta1	0.000202424580759551	0.00244018037396886	0.000561807616004495
Visa_fechaalta_delta1	0.00019521517976129	0.000454642957043664	0.000465246932003722
mforex_sell	0.000194237963447627	0.000909597665425891	0.000535472884004284
Visa_delinquency_lag1	0.000192478288414218	7.36067695397811e-05	9.65606840007725e-05
minversion2	0.000184303244265523	0.00380357688263317	0.000359908004002879
tcallcenter_delta1	0.000182184799521792	0.000479782261879552	0.000351129760002809
Master_mconsumosdolares_lag1	0.000174940005516266	0.000356389161731088	0.000342351516002739
tmobile_app_delta1	0.000174336539390403	0.000538937745158374	0.00037746449200302
ccajas_trx	0.000170352958768389	0.000407215222299033	0.000333573272002669
cseguro_accidentes_personales	0.000168100219858307	0.000480287876675778	0.000333573272002669
cpayroll_trx_delta1	0.000166599610741318	0.000480430607122399	0.000474025176003792
catm_trx_other	0.000166206582734816	0.0016912401907047	0.00038624273600309
matm_other_lag1	0.000160234508742714	0.000875848430258191	0.00037746449200302
ctarjeta_visa_delta1	0.000158371895273662	0.00291793065113984	0.000333573272002669
cseguro_vida_lag1	0.000149491635609346	0.00226628050880576	0.000351129760002809
catm_trx_delta1	0.000146571111481708	0.000677408758616685	0.000421355712003371
ctarjeta_master_trx_delta1	0.000144731424182924	0.00103129095492709	0.00037746449200302
ccajas_trx_lag1	0.000142190042198745	0.000688193785124634	0.000684703032005478
mprestamos_hipotecarios	0.000138851724875638	0.000810377829605138	6.14477080004916e-05
Visa_status_delta1	0.000136463362901496	0.000686374029083357	0.000412577468003301
Master_mconsumosdolares_delta1	0.000135672373018516	0.00038966844566317	0.000421355712003371
Master_fechaalta_delta1	0.000134259298380794	9.88190779890501e-05	0.000421355712003371
ccajas_otras	0.000133831499175403	0.000862328511599262	0.000158008392001264
ctarjeta_debito_delta1	0.00013253584670095	0.00252972143949822	0.000237012588001896
Visa_mpagosdolares_delta1	0.000131626644388217	0.00101063565699995	0.000693481276005548
mcheques_emitidos_delta1	0.000131500270449444	0.002447974995679	0.000280903808002247
tpaquete9	0.00013076201126085	0.000421769308011403	0.000193121368001545
cforex_buy_delta1	0.000126355749349457	0.00137514849013071	0.000122895416000983
minversion2_lag1	0.000125941159405168	0.00308665800454358	0.000280903808002247
ccheques_depositados_delta1	0.000121654094167956	0.00246892985227441	0.000245790832001966
cseguro_vivienda_lag1	0.000121630911167251	0.00025666820716128	0.000193121368001545
ccajas_extracciones_delta1	0.000117975937578485	0.000882060976793581	0.000289682052002317
mprestamos_hipotecarios_lag1	0.000115649420828161	0.00203798075900336	0.000166786636001334
cprestamos_hipotecarios	0.000114216619289476	0.000902762530663649	7.02259520005618e-05
ccajas_consultas	0.000111262710230508	0.000721383605338439	0.000237012588001896
ccajas_depositos_lag1	0.00010778869974969	0.00046428674961216	0.000131673660001053
mcheques_depositados_delta1	0.000104590915964344	0.00189605396176298	0.000298460296002388
catm_trx_other_lag1	0.000104328256949519	0.000747982753829383	0.000210677856001685
tpaquete9_lag1	9.94744814841766e-05	0.000418273440825743	0.000149230148001194
Master_msaldodolares	9.90156024849671e-05	0.0023449627059677	0.000228234344001826
internet_delta1	9.74182019869263e-05	0.000179562446064075	0.000201899612001615
Master_mconsumosdolares	9.60968693378087e-05	0.000387082456498148	0.000254569076002037
cseguro_vivienda	9.54986457125777e-05	0.000200348205563357	0.000149230148001194
Master_status_delta1	9.49185155350299e-05	0.000519341456850394	0.000307238540002458
Master_mpagado_lag1	9.36465723370371e-05	0.00045645029180208	0.000210677856001685
Master_mpagado	9.24538823082056e-05	0.000504649289146953	0.000184343124001475
mcaja_ahorro_adicional_delta1	9.05061519131785e-05	0.00199388863403422	0.000263347320002107
mcheques_depositados	8.91539688748202e-05	0.00117256940692462	0.000289682052002317
active_quarter	8.86538219252014e-05	6.67180632324382e-05	0.000149230148001194
active_quarter_lag1	8.82377770287574e-05	0.000117172399764816	0.000175564880001405
ccajas_extracciones_lag1	8.45273369885086e-05	0.000758289522845077	0.000298460296002388
minversion1_pesos_delta1	8.18416876805419e-05	0.000252714886227052	0.000149230148001194
Master_msaldodolares_lag1	8.12010800295692e-05	0.000526314140174382	0.000158008392001264
cliente_edad_delta1	8.11255645289922e-05	0.000267540792282773	0.000184343124001475
mprestamos_hipotecarios_delta1	8.09689975805319e-05	1.98127082056862e-05	0.000114117172000913
mtarjeta_visa_descuentos_delta1	8.06241222776578e-05	0.00100608893404338	0.000210677856001685
minversion1_pesos_lag1	7.84792206397221e-05	0.00169945424027292	0.000166786636001334
Master_delinquency_lag1	7.63831877910183e-05	0.000335905704250891	0.000158008392001264
Visa_delinquency	7.20980517258449e-05	8.00908316017647e-05	0.000122895416000983
catm_trx_other_delta1	7.02642846604508e-05	0.000168319584786612	0.000193121368001545
cseguro_vida	6.92530721733708e-05	0.000213416004766972	0.000140451904001124
Master_mconsumototal_lag1	6.61300821538742e-05	0.000131559064873221	0.000140451904001124
ctarjeta_master_debitos_automaticos_lag1	6.38862749054444e-05	0.000204098899558148	0.000184343124001475
cforex_lag1	6.38844633235842e-05	0.000426010833189689	0.000158008392001264
Master_mpagosdolares	6.32033064277902e-05	0.000144827433503161	0.000201899612001615
ctarjeta_master_debitos_automaticos	6.23343155393255e-05	0.000249042072913759	0.000149230148001194
mtarjeta_visa_descuentos_lag1	5.71739883276193e-05	0.000275162659095691	0.000114117172000913
ccajas_consultas_lag1	5.43899792921611e-05	0.000312000602465444	0.000158008392001264
Master_mpagado_delta1	5.3722394708525e-05	0.000580232566745469	0.000131673660001053
cforex_buy	5.21662320892689e-05	0.000950076263941038	8.77824400007023e-05
cforex_sell_lag1	5.17924679685412e-05	0.00129912459990947	0.000166786636001334
Master_mconsumototal	5.14040394255198e-05	6.90316986247836e-05	0.000122895416000983
ctarjeta_visa_lag1	4.90185417976241e-05	0.00121050171865739	0.000184343124001475
cforex	4.7670333306923e-05	0.000112819083040778	0.000122895416000983
ccheques_emitidos	4.27488682985339e-05	0.00111080011995167	0.000114117172000913
Master_mconsumototal_delta1	4.05627197284217e-05	0.000104177223153636	0.000105338928000843
cforex_delta1	3.91922502079687e-05	8.82400314048681e-05	7.9004196000632e-05
mprestamos_prendarios_lag1	3.80766923796969e-05	0.000547136020459408	6.14477080004916e-05
cforex_sell	3.35049513777792e-05	0.000121931198980296	5.26694640004214e-05
Master_mpagosdolares_lag1	3.34836501948595e-05	0.000189210353658795	0.000140451904001124
tpaquete7_lag1	3.25992028579837e-05	0.000907885585904142	0.000245790832001966
mforex_buy_delta1	3.08437516810445e-05	0.000890776830948566	7.02259520005618e-05
cinversion2	2.91329656467608e-05	0.00121290794213978	0.000114117172000913
active_quarter_delta1	2.69475283458961e-05	4.56874596728287e-05	4.38912200003511e-05
mcheques_depositados_lag1	2.69420941133312e-05	0.000503478411777848	8.77824400007023e-05
ctarjeta_visa_descuentos_lag1	2.60977640432812e-05	0.00038886159570651	7.9004196000632e-05
mtarjeta_visa_descuentos	2.58600038229904e-05	0.000224944784162814	0.000105338928000843
cseguro_auto_lag1	2.43107918749956e-05	0.000189367639105578	5.26694640004214e-05
ccajas_depositos	2.41631138878826e-05	0.00040162366370252	8.77824400007023e-05
tpaquete7_delta1	2.30571101233443e-05	0.000636156839988184	7.9004196000632e-05
Visa_delinquency_delta1	2.05846715149901e-05	0.00012059472990777	2.63347320002107e-05
ctarjeta_visa_descuentos_delta1	2.00773485606748e-05	0.000498812505469165	7.02259520005618e-05
mprestamos_prendarios_delta1	1.98305642275697e-05	0.00140401532288783	0.000122895416000983
ccheques_depositados_lag1	1.94615213361659e-05	0.000510153974967626	4.38912200003511e-05
ctarjeta_master_lag1	1.8571206583034e-05	0.000262287580286899	5.26694640004214e-05
ccheques_emitidos_lag1	1.78818199900166e-05	0.000380238558254133	5.26694640004214e-05
mtarjeta_master_descuentos_delta1	1.76079370127847e-05	0.00011933423641201	3.51129760002809e-05
cprestamos_prendarios_lag1	1.72955277448732e-05	0.000365779041940725	5.26694640004214e-05
Master_msaldodolares_delta1	1.70895417260663e-05	0.000710740090010081	7.9004196000632e-05
minversion2_delta1	1.51440382593819e-05	0.000141880388889078	4.38912200003511e-05
Master_mpagosdolares_delta1	1.30433986351564e-05	1.51954201697981e-05	7.9004196000632e-05
Master_cadelantosefectivo_lag1	1.27883632915158e-05	7.4638193242406e-06	3.51129760002809e-05
Master_madelantopesos_lag1	1.18121271641971e-05	1.98865500651501e-05	8.77824400007023e-05
Visa_madelantopesos_lag1	1.17753495354917e-05	4.60661944938148e-06	8.77824400007023e-06
ctarjeta_master_debitos_automaticos_delta1	1.13157516786673e-05	0.000239765813150418	4.38912200003511e-05
mcheques_emitidos_lag1	1.12922737388327e-05	0.000356813390453106	4.38912200003511e-05
Master_madelantopesos_delta1	1.1232492424185e-05	6.35596281971449e-06	3.51129760002809e-05
cprestamos_hipotecarios_lag1	8.87470289621193e-06	0.000691149517016301	5.26694640004214e-05
Visa_madelantopesos_delta1	8.67258055181117e-06	8.62867656238795e-06	2.63347320002107e-05
ccheques_depositados	6.73245585922933e-06	0.00025101911440182	5.26694640004214e-05
mforex_buy	6.31868891517377e-06	0.000344892159482198	2.63347320002107e-05
mtarjeta_master_descuentos	6.0650822390775e-06	8.73569010546857e-05	8.77824400007023e-06
tcuentas	5.91445943887447e-06	4.54215070520559e-06	8.77824400007023e-06
ccheques_emitidos_delta1	5.25229926756292e-06	7.73198186650414e-06	8.77824400007023e-06
cpagodeservicios_lag1	4.96543512296383e-06	0.000248570445185976	2.63347320002107e-05
mcheques_emitidos	4.62505263726233e-06	0.000184499105857459	1.75564880001405e-05
cplazo_fijo_lag1	4.59950975726826e-06	7.85717772915966e-05	1.75564880001405e-05
cseguro_auto	4.4829052767281e-06	0.000125093215612488	1.75564880001405e-05
cplazo_fijo_delta1	4.39204182647864e-06	1.78429823198016e-05	1.75564880001405e-05
cinversion2_lag1	3.5434734356541e-06	5.14994007848935e-05	8.77824400007023e-06
ctarjeta_visa_descuentos	3.31692392518702e-06	3.89349302518243e-05	8.77824400007023e-06
ctarjeta_master_descuentos_lag1	3.02907652044205e-06	3.12246665792801e-06	8.77824400007023e-06
ccajas_otras_lag1	2.54144559730011e-06	4.39340012762717e-05	8.77824400007023e-06
ccajas_depositos_delta1	2.27127352635793e-06	2.4846604544659e-05	8.77824400007023e-06
mtarjeta_master_descuentos_lag1	2.12155794238857e-06	2.98090213540372e-05	8.77824400007023e-06
cforex_sell_delta1	1.84067233262539e-06	1.30909652771723e-05	8.77824400007023e-06
ctarjeta_master_descuentos_delta1	8.46860533093406e-07	0.000102300923603873	8.77824400007023e-06
mcajeros_propios_descuentos_delta1	5.51922285336838e-07	8.78547430235995e-05	3.51129760002809e-05
Master_madelantopesos	5.33563210638761e-07	1.52958572913392e-05	8.77824400007023e-05
Master_cadelantosefectivo	1.80060420843711e-07	2.81943307862559e-05	0.000105338928000843
mcajeros_propios_descuentos	9.94476394024122e-08	1.82434353347475e-05	8.77824400007023e-06
Visa_madelantopesos	2.84180461355942e-10	1.06076993593712e-05	1.75564880001405e-05
Visa_madelantodolares	9.85988601440108e-11	1.60897525358126e-06	8.77824400007023e-06
Visa_cadelantosefectivo	2.49447000644301e-12	6.84885151632165e-06	8.77824400007023e-06
