Feature	Gain	Cover	Frequency
ctrx_quarter	0.217143584952608	0.0188879685369148	0.0141321987806483
mcuentas_saldo	0.0432597971560579	0.014167258116405	0.0202114127812623
mtarjeta_visa_consumo	0.0367695943088967	0.0127340779454764	0.0163165051098732
mcaja_ahorro	0.0307509571780846	0.0065290236762337	0.0120707048554761
mdescubierto_preacordado	0.0212678966011722	0.00203568507462402	0.00157024430896092
foto_mes	0.0197382496918612	0.0153826351229857	0.0163252774244484
cpayroll_trx	0.0185139746270498	0.0087859617500723	0.00465809903943155
ctarjeta_visa	0.0184413260882049	0.000536243774701881	0.000596517391113645
mprestamos_personales	0.0170116955664312	0.0074733272692301	0.00309662704504584
mpayroll	0.0152668134534603	0.010966874560909	0.00565814290100443
mcuenta_corriente	0.0124733945830836	0.00666569935784417	0.00970217992017194
mdescubierto_preacordado_delta1	0.0111521148061886	0.00440664266194758	0.00110531163647528
Master_status	0.0101173405344984	0.00168554262350073	0.000798280626343261
cproductos_delta1	0.0100648712460037	0.00468456311911436	0.00162287819641212
mpasivos_margen	0.00957686150156325	0.00798649783262794	0.00944778279749112
mrentabilidad_annual	0.00863867872391171	0.00721891422724727	0.0115092767226633
numero_de_cliente	0.00862912325474721	0.00976602298213801	0.0163866836264748
Master_fechaalta	0.00838356390314621	0.00918695242717356	0.0124830036405105
mrentabilidad_annual_delta1	0.00838202842598874	0.00707132662765005	0.0136760384227378
cliente_edad_lag1	0.00828760181900592	0.0108897364454898	0.0152287381025484
ctrx_quarter_delta1	0.00807481293399378	0.00712629845576594	0.0119303478222729
mactivos_margen	0.00786257160806557	0.00844887241484979	0.0128602131672442
cliente_edad	0.00776953393562366	0.00776493418658341	0.0128251239089434
Visa_status	0.00662415676227168	0.00123848248000337	0.000728102109741655
Visa_Fvencimiento_lag1	0.00627571198210888	0.0058639693125797	0.0114741874643625
mprestamos_personales_delta1	0.00622251961979616	0.00881889222079092	0.00308785473047063
Master_Fvencimiento	0.00602970873256643	0.00573486996622562	0.0108952147023992
Visa_Fvencimiento	0.00597769281005657	0.00779095164035647	0.0113601473748849
Master_Fvencimiento_lag1	0.00590398360728027	0.00449006647533955	0.0112022457125313
mcuenta_corriente_lag1	0.00585328669578257	0.00709890334088576	0.00995657704285276
mcuentas_saldo_delta1	0.00572405333088066	0.00803678883156452	0.0101057063906312
Visa_fechaalta_lag1	0.00571971469867976	0.00463814548115462	0.00935128733716391
mrentabilidad_annual_lag1	0.00564613597287222	0.00620378224178632	0.0091670687310847
mcaja_ahorro_dolares_delta1	0.00564493690566106	0.00568169596945651	0.00639501732532129
mrentabilidad	0.0053926240521842	0.00436371619707741	0.00821965875696303
chomebanking_trx	0.00525718303104177	0.00454790658121966	0.00893021623755428
mcaja_ahorro_lag1	0.00512983876673739	0.00530923873376057	0.00928110882056231
Visa_fechaalta	0.00508806391248183	0.00547703393634004	0.00905302864160709
Master_fechaalta_lag1	0.00495294771584264	0.00528668049603762	0.0101232510197816
mcaja_ahorro_delta1	0.0047813299102166	0.00704811246978531	0.00799157857800781
mactivos_margen_delta1	0.00474873361619977	0.00378867756797059	0.0078950831176806
Visa_mpagominimo	0.00455920129145925	0.00703247693527047	0.00928110882056231
mactivos_margen_lag1	0.00455402805931339	0.00720344061348371	0.00807930172375981
mtransferencias_recibidas	0.00446686329109782	0.00467833973355509	0.00725470415369095
mcuenta_corriente_delta1	0.00446331817902961	0.00749248898466534	0.0078336769156542
Visa_mpagospesos_lag1	0.00441516402386207	0.00505739926309686	0.00836878810474144
ccaja_ahorro	0.00440570123166653	0.00393053059505374	0.00287731918066582
mcomisiones_mantenimiento	0.00434058526972187	0.00629585497240607	0.00447388043335234
Visa_mfinanciacion_limite	0.00429767591335735	0.004616015650808	0.00624588797754288
cliente_antiguedad_lag1	0.0042971532341946	0.00484317505835984	0.00837756041931664
mrentabilidad_delta1	0.00427367913608917	0.00417172646483057	0.00800035089258301
ctarjeta_visa_trx	0.00416592659670973	0.00681725222350787	0.0104390543444888
mcuentas_saldo_lag1	0.00401137932010512	0.00653711940871865	0.00772840914075179
cliente_antiguedad	0.00396956440249247	0.00355525511457184	0.0078512215448046
Master_mfinanciacion_limite	0.00388928148924629	0.00534854970579336	0.00707925786218694
Visa_mpagominimo_lag1	0.0038749230250107	0.00532552240889924	0.00701785166016053
chomebanking_trx_delta1	0.00380186831327516	0.00656454815857354	0.00738628887231896
ctrx_quarter_lag1	0.00359139678061551	0.00715013512760711	0.00839510504846704
Visa_fultimo_cierre	0.00354509342871303	0.00385210855409185	0.0065880082459757
mrentabilidad_lag1	0.00353638090857907	0.00336221583382834	0.00693012851440853
mcomisiones	0.00347743601209247	0.00354421628366463	0.00533356726172201
Visa_mpagospesos_delta1	0.00343145394694152	0.0058425251475906	0.00800912320715821
cproductos	0.00342098685737547	0.0065449337057009	0.00733365498486776
mcaja_ahorro_dolares_lag1	0.00338059653069019	0.00380109253458924	0.00643887889819729
ccomisiones_mantenimiento_delta1	0.00336013030775019	0.00508550826315461	0.00142988727575771
chomebanking_trx_lag1	0.00332195289486601	0.00312566731079568	0.00701785166016053
mtransferencias_recibidas_lag1	0.0032966140939001	0.0050825160469915	0.0065616913022501
Visa_cconsumos_lag1	0.00329593837009355	0.00448020181775593	0.00618448177551647
Master_fultimo_cierre_lag1	0.0032806321204411	0.00412358177388353	0.0066143251897013
mcomisiones_otras	0.00323326651941709	0.00332827150887195	0.00595640159656125
Visa_Finiciomora	0.00316600389375691	0.00606972429169987	0.0012895302425545
Master_mfinanciacion_limite_lag1	0.00310678468071602	0.00613404481231109	0.00605289705688846
mpasivos_margen_delta1	0.00298188840277864	0.00391576712924836	0.00628974955041888
Master_fultimo_cierre	0.00295971445323364	0.00292918170359556	0.00613184788806527
mcaja_ahorro_dolares	0.00294490818065055	0.00552882424668911	0.00587745076538445
Visa_mpagospesos	0.00294413157810554	0.0049360137664196	0.0065178297293741
Visa_mconsumospesos_lag1	0.00292243304509854	0.0025715406361257	0.00596517391113645
mpasivos_margen_lag1	0.00291708333640812	0.00351219357591433	0.00593885696741085
Visa_mpagominimo_delta1	0.00291268114349814	0.00372828089893318	0.00555287512610202
ccomisiones_mantenimiento	0.00289934601263529	0.00259234916873554	0.0012895302425545
mprestamos_personales_lag1	0.00289520958681188	0.00346160726037438	0.00166673976928813
Visa_mfinanciacion_limite_lag1	0.00278133523670068	0.00276072600468726	0.00499144699328918
Visa_msaldototal_lag1	0.00276714354937842	0.00136333619256525	0.0026755559454362
Visa_msaldopesos	0.00275199672082099	0.00353384885566535	0.00499144699328918
thomebanking	0.00269535780429057	0.00174067888927077	0.00149129347778411
Visa_msaldototal	0.00261397399086972	0.00228720817822399	0.00415807710864512
Visa_mconsumospesos	0.00258426055950066	0.00238489726319273	0.00577218299048204
Visa_fultimo_cierre_lag1	0.00246354038265649	0.00289575555555118	0.00555287512610202
ccomisiones_otras	0.00245068801979144	0.00477978548673126	0.00440370191675073
mcuenta_debitos_automaticos	0.00242841686658235	0.00622043628299574	0.00370191675073468
cmobile_app_trx	0.00237451513419875	0.00314442288963149	0.00497390236413878
Visa_mconsumospesos_delta1	0.00236855245651613	0.00319450262126659	0.00512303171191719
Visa_mlimitecompra_lag1	0.00235662920381284	0.00302411516127093	0.00403526470459231
Visa_mlimitecompra	0.0023447053455459	0.00289087276398403	0.0040001754462915
mtarjeta_visa_debitos_automaticos_lag1	0.00233497403088658	0.00518569037855064	0.00436861265844993
mpayroll_lag1	0.00232175810533457	0.00565068597189723	0.0039650861879907
Visa_cconsumos	0.00230589063259872	0.00286173229136842	0.00463178209570595
mcomisiones_lag1	0.00229563035201088	0.00162832236215461	0.00425457256897232
mtransferencias_emitidas	0.00227776111456794	0.00756153876576866	0.00635992806702048
mcomisiones_mantenimiento_lag1	0.00224276565653162	0.00548858766455856	0.00407035396289311
Visa_mconsumosdolares_lag1	0.00221250466726053	0.00285784016802473	0.00485108996008597
mcomisiones_otras_lag1	0.00213424834077712	0.00156336331091234	0.00414053247949471
mtransferencias_recibidas_delta1	0.00207927054606863	0.00280844655936586	0.00464055441028115
Master_mlimitecompra	0.00205454896689876	0.00220276799369138	0.00339488574060266
ccomisiones_otras_lag1	0.00204245153518888	0.00453259938812464	0.00416684942322032
mtarjeta_visa_consumo_lag1	0.002038819892668	0.00461164432441188	0.00325452870739945
mtarjeta_visa_debitos_automaticos_delta1	0.00203364339036315	0.00463165179548111	0.00348260888635466
mtarjeta_visa_debitos_automaticos	0.00203310645922639	0.00280537692937206	0.00415807710864512
tcallcenter	0.00199502344148287	0.000692205644034957	0.000886003772095267
ctarjeta_debito_trx	0.00199011128978562	0.0018367885795539	0.00305276547216983
Visa_msaldopesos_lag1	0.00198602623999228	0.00300248306753423	0.00364928286328348
Visa_Finiciomora_lag1	0.00196311936639225	0.00425613934478053	0.000912320715820869
mtransferencias_emitidas_delta1	0.00193127082709626	0.00308614202067005	0.00355278740295627
mcomisiones_otras_delta1	0.00191202754885564	0.00186740090645978	0.00372823369446028
cmobile_app_trx_lag1	0.00189126761435099	0.00322224316199818	0.00416684942322032
cproductos_lag1	0.00188984801171437	0.00333145630623948	0.0038861353568139
Visa_msaldopesos_delta1	0.0018492289043049	0.00264137752139917	0.00366682749243388
mtransferencias_emitidas_lag1	0.00183816618191979	0.0025457103484024	0.00466687135400676
ccallcenter_trx	0.00181186505466495	0.00652787512955751	0.00245624808105619
ccallcenter_trx_delta1	0.00177570591659532	0.00256765888547263	0.00124566866967849
Visa_msaldototal_delta1	0.00176960437721271	0.00311523261284697	0.0039914031317163
mpayroll_delta1	0.00176158080097424	0.00743981371601334	0.00421071099609632
mpagomiscuentas	0.00175446546905941	0.00367138592821551	0.00331593490942585
mcomisiones_delta1	0.00173400053509481	0.00238348695861809	0.00364051054870828
ccaja_ahorro_delta1	0.00173246143508813	0.00554954552666613	0.000570200447388043
Master_mlimitecompra_lag1	0.00172669891933336	0.00260878218011114	0.00292995306811702
ctransferencias_recibidas_lag1	0.00172245178126719	0.00290962521575871	0.00378086758191149
ctarjeta_visa_trx_lag1	0.00172090565364658	0.00549611938199135	0.0039738585025659
ctransferencias_recibidas	0.00166065938164819	0.00220364341827132	0.00297381464099303
Visa_mconsumosdolares	0.00165434586975501	0.0025684302017975	0.00363173823413308
cprestamos_personales	0.00163211353052467	0.00313219630937915	0.000991271546997675
internet	0.00161866767768251	0.00358675163708281	0.00237729724987938
Visa_cconsumos_delta1	0.00161328925221111	0.00325060019139327	0.00329839028027545
mautoservicio	0.00156300469735338	0.00471699692100003	0.00367559980700908
mtarjeta_master_consumo	0.00144822437020484	0.00171062096742428	0.00151761042150972
Visa_mconsumosdolares_delta1	0.0014156901044527	0.00229484453780033	0.00315803324707224
ctarjeta_debito	0.00139829679650556	0.00173928269460616	0.00275450677661301
cmobile_app_trx_delta1	0.00130850978378125	0.00277386500036474	0.00317557787622264
Master_mpagospesos_lag1	0.00129227989689628	0.00341704091887995	0.00286854686609062
ccaja_seguridad_lag1	0.00128608803650815	0.000738094656122284	0.000324575639282425
Master_mpagominimo_lag1	0.00126268414061868	0.00266425380412111	0.00219307864380017
Master_mpagominimo	0.00125090264805018	0.00483591486135784	0.00242993113733058
mautoservicio_delta1	0.00123730334543738	0.00498989394511811	0.00307031010132023
Master_msaldototal	0.0012251775495183	0.00306238024575669	0.00283345760778982
Master_msaldopesos	0.00119322120044416	0.00297689783462669	0.00197377077942015
mpagomiscuentas_lag1	0.00116954268417577	0.00405613991236501	0.00251765428308259
mtarjeta_visa_consumo_delta1	0.00115293671922244	0.00332187903320171	0.00292995306811702
mautoservicio_lag1	0.00114512147483706	0.00250891742328604	0.00300890389929383
Master_fultimo_cierre_delta1	0.0011370905179605	0.0016783765434121	0.00235975262072898
mcuenta_debitos_automaticos_lag1	0.0011246869164924	0.00211075719413618	0.00235975262072898
Visa_fultimo_cierre_delta1	0.00111551652068707	0.00191823975125432	0.00207903855432256
ccomisiones_otras_delta1	0.00109054073795367	0.00156426314182313	0.00209658318347296
ccaja_seguridad	0.00108507916247478	0.00277596813965659	0.000552655818237642
ctarjeta_visa_debitos_automaticos_lag1	0.00107752179442329	0.00260202696534853	0.00201763235229615
mcomisiones_mantenimiento_delta1	0.00103821010778453	0.0079448203617394	0.00163165051098732
ctarjeta_debito_lag1	0.00103801924936634	0.00182415837960501	0.00195622615026975
mdescubierto_preacordado_lag1	0.00102166186130811	0.00107434906602012	0.00116671783850169
ctransferencias_emitidas_lag1	0.000994340769126968	0.00403854637995714	0.00215798938549936
Master_mpagospesos	0.000984100268028595	0.00356421849211876	0.00294749769726742
ctransferencias_emitidas	0.000982215891819638	0.00420958137041836	0.00243870345190579
internet_lag1	0.000969247510055238	0.00323342995628621	0.00183341374621694
ctransferencias_emitidas_delta1	0.000966260801401421	0.00310827657974328	0.00185095837536734
ctarjeta_debito_trx_lag1	0.000952302547473039	0.0039500828117827	0.00282468529321462
cplazo_fijo	0.00094371965313986	0.00270104848344251	0.000412298785034431
Master_mpagospesos_delta1	0.000912419301933151	0.00452496524037203	0.00214921707092416
ctarjeta_master	0.000909883066547857	0.000451038299157325	0.000271941751831221
Master_status_lag1	0.000888696222294763	0.00222940056327183	0.000385981841308829
Master_msaldototal_lag1	0.000834182125067322	0.00134470821307795	0.00187727531909294
Master_msaldopesos_lag1	0.000819675317943733	0.00209512905779038	0.00155269967981052
ctarjeta_debito_trx_delta1	0.000779896790780862	0.00317283925691848	0.00192113689196895
ctarjeta_visa_trx_delta1	0.000738900397826805	0.00171864172671162	0.00167551208386333
ctarjeta_visa_debitos_automaticos_delta1	0.000732795550695067	0.00211761346636249	0.000833369884644063
mextraccion_autoservicio	0.00073054897479845	0.00246261434254176	0.00179832448791614
ccaja_ahorro_lag1	0.000729818180025496	0.00118238163027598	0.000982499232422475
Visa_mpagado	0.000719723430976064	0.0031807780261881	0.00165796745471293
ccajas_consultas_delta1	0.000709863167573488	0.00358032933992705	0.000693012851440853
ctarjeta_visa_debitos_automaticos	0.000708010635534834	0.00120703614301023	0.00152638273608492
ccuenta_debitos_automaticos	0.000706119779184583	0.00214427761163349	0.00151761042150972
cprestamos_personales_delta1	0.000692990384371798	0.00185333088552987	0.000315803324707224
ccomisiones_mantenimiento_lag1	0.000683878521377215	0.00169926477794614	0.0012719856134041
mprestamos_prendarios	0.000682177525408562	0.00632247633032829	0.000684240536865652
ctransferencias_recibidas_delta1	0.000677384420177413	0.00140145346620976	0.00155269967981052
mextraccion_autoservicio_lag1	0.000653847867564084	0.00129444833221321	0.00198254309399535
ccuenta_debitos_automaticos_lag1	0.000652892370529934	0.00271700000367216	0.00147374884863371
mtarjeta_master_consumo_lag1	0.000646002549721656	0.00170629586051722	0.000859686828369665
Master_mpagominimo_delta1	0.000639762327608886	0.00348572506263911	0.00146497653405851
Master_mconsumospesos	0.000626886122786016	0.0016664658726048	0.00193868152111935
mcuenta_debitos_automaticos_delta1	0.000623867162740698	0.00284063012009046	0.00139479801745691
Master_mconsumospesos_lag1	0.000621209724774015	0.0015928855900663	0.00172814597131453
mextraccion_autoservicio_delta1	0.000598723302895982	0.00247256930354955	0.00165796745471293
thomebanking_lag1	0.000596943087937731	0.000496979022158156	0.000982499232422475
cpagomiscuentas_lag1	0.000588078357179597	0.000921159298253735	0.0012719856134041
matm_lag1	0.000586430690683439	0.00205381379210572	0.00155269967981052
ccajas_trx_delta1	0.000570100584621372	0.00152979110623173	0.000561428132812843
Master_mfinanciacion_limite_delta1	0.000567162082036347	0.00474952125511923	0.000991271546997675
cpayroll_trx_lag1	0.000556401219207478	0.000687043552519061	0.000447388043335234
mpagomiscuentas_delta1	0.000544756282852259	0.00128310373574223	0.00152638273608492
mplazo_fijo_dolares_delta1	0.000540161901233048	0.00406337776232032	0.000570200447388043
Master_msaldototal_delta1	0.000540045951398302	0.00215129824524417	0.00107022237817448
Master_cconsumos_lag1	0.000533105879156067	0.00113219725649733	0.00111408395105048
Visa_status_lag1	0.000529292170640666	0.000795278460511685	0.000175446291504013
Visa_msaldodolares_lag1	0.000516863739296553	0.001792330769962	0.00159656125268652
mplazo_fijo_dolares	0.000514698890350026	0.00220898741322189	0.000491249616211237
Master_mconsumospesos_delta1	0.000512345777605987	0.00183736167071034	0.0013070748717049
Visa_mpagado_delta1	0.000500353376241298	0.0016662119704941	0.000929865344971271
cpagomiscuentas	0.000481477557979562	0.0019132149453495	0.00111408395105048
matm	0.00047851207041827	0.000840108390379371	0.00119303478222729
tcuentas_lag1	0.000466309645582267	0.00450028685519541	0.000666695907715251
cextraccion_autoservicio_lag1	0.000465430347094062	0.00226821990027741	0.00109653932190008
matm_delta1	0.00046004347116278	0.00139279051534173	0.00115794552392649
Master_msaldopesos_delta1	0.000439745727356367	0.00164462235902704	0.00100881617614808
cprestamos_personales_lag1	0.000437625649588483	0.0026771398129253	0.000719329795166455
Visa_mpagosdolares	0.000420152730692185	0.00129211996824942	0.00107022237817448
Master_cconsumos	0.000412028476932013	0.00138696975797182	0.000991271546997675
ccallcenter_trx_lag1	0.00038694700220112	0.00340742398555453	0.000894776086670468
cextraccion_autoservicio	0.000377381121965272	0.00150453444355337	0.000973726917847274
mttarjeta_master_debitos_automaticos	0.00037655170533732	0.00279585594343483	0.000754419053467257
tpaquete7	0.000373936169739755	0.00125184853082761	0.000219307864380017
mttarjeta_master_debitos_automaticos_lag1	0.000369590205576577	0.0015202743914024	0.000754419053467257
Visa_mpagado_lag1	0.000364423342770149	0.00141872765703231	0.000912320715820869
ccajas_otras_delta1	0.000363539462732896	0.000819509447135774	0.000149129347778411
Visa_mpagosdolares_lag1	0.000355626023749992	0.000862848912885916	0.000842142199219264
tcallcenter_lag1	0.000353912481265822	0.0010374140502963	0.000482477301636037
catm_trx	0.000340297830113378	0.00161678625225619	0.000886003772095267
catm_trx_lag1	0.00033579647902021	0.00257466495155458	0.000859686828369665
tmobile_app	0.000325342555867976	0.000175128237225131	0.000675468222290451
thomebanking_delta1	0.000323138959558084	0.000975281709786002	0.000719329795166455
ctarjeta_master_trx	0.000312235754565522	0.00355468942158443	0.00112285626562569
mcaja_ahorro_adicional	0.000295286608716358	0.00189092784670842	0.000403526470459231
Master_Fvencimiento_delta1	0.00029260526494673	0.000179399726474086	0.000640378963989649
cseguro_accidentes_personales_lag1	0.000287922452489459	0.000464184616734065	0.000543883503662441
mcaja_ahorro_adicional_lag1	0.000286882425951525	0.0036910509479549	0.000614062020264047
Visa_Fvencimiento_delta1	0.000286360384748542	0.000188168997420913	0.00065792359314005
Visa_msaldodolares	0.000280713720712426	0.000711090347614961	0.000701785166016053
tmobile_app_lag1	0.000272000936264692	0.000122570500310171	0.000570200447388043
cextraccion_autoservicio_delta1	0.00026903053032504	0.000676845519709889	0.00065792359314005
Visa_mlimitecompra_delta1	0.00026565790710981	0.000566685486101108	0.000561428132812843
Visa_status_delta1	0.00026454208611303	0.00110325989031632	0.000491249616211237
mplazo_fijo_dolares_lag1	0.000260138919553726	0.00239460633041713	0.000587745076538445
Visa_msaldodolares_delta1	0.000259393886156924	0.00217703746684546	0.000754419053467257
ccuenta_debitos_automaticos_delta1	0.000257845662371002	0.00191833424951661	0.000421071099609632
Visa_mconsumototal_lag1	0.000256469754522938	0.000353546371580048	0.000596517391113645
Visa_mconsumototal	0.000254462445107997	0.000409618086249978	0.000561428132812843
ccajas_extracciones	0.000253750400978336	0.00208262325385908	0.000605289705688846
mforex_sell_delta1	0.000250600866797034	0.00094263267457008	0.000482477301636037
matm_other_lag1	0.000241749853883868	0.000843724340835454	0.000578972761963244
Master_cconsumos_delta1	0.000239655590007556	0.000769889698567551	0.000596517391113645
Master_Finiciomora	0.000238866899471973	0.00151476565371855	0.000280714066406421
Visa_fechaalta_delta1	0.000238635976270365	0.000151582534609646	0.000464932672485635
cpagomiscuentas_delta1	0.000237876486783471	0.00123915205243649	0.000622834334839247
minversion1_pesos	0.000235940098218058	0.00275936939404051	0.000245624808105619
Visa_mfinanciacion_limite_delta1	0.000233169191964431	0.000848312044608579	0.00052633887451204
mprestamos_hipotecarios	0.000232376181065093	0.00150628285208016	0.000114040089477609
mtarjeta_master_consumo_delta1	0.000216555518149498	0.00193660124411657	0.000543883503662441
Master_delinquency	0.000211985518902106	0.000200001949318392	0.000149129347778411
matm_other	0.000210621670846698	0.00110392854751203	0.000552655818237642
cseguro_accidentes_personales	0.0002102728760652	0.000282150760732417	0.00039475415588403
mforex_sell	0.000209729012838791	0.000907375441553131	0.00052633887451204
Master_mlimitecompra_delta1	0.000207818311728056	0.00117845877020937	0.000421071099609632
matm_other_delta1	0.000206622878263157	0.00123682895108779	0.000596517391113645
ccajas_trx_lag1	0.000203464456174855	0.000998249745058008	0.000929865344971271
active_quarter_lag1	0.000194679463961318	0.000187702150073482	0.000324575639282425
ctarjeta_master_trx_lag1	0.000194045157085181	0.000430322968223453	0.000438615728760033
mforex_sell_lag1	0.000193013899180302	0.000375932163321538	0.000491249616211237
ccajas_otras	0.000190928729455219	0.00108404928594959	0.000175446291504013
tpaquete9	0.000189105587551732	0.000525454040908985	0.000210535549804816
minversion2	0.000186174896469306	0.00365562363331979	0.000324575639282425
Master_fechaalta_delta1	0.000185109168045583	0.000121930901902141	0.000578972761963244
Master_mconsumosdolares_delta1	0.000180130376748928	0.000477505668385786	0.000456160357910435
cseguro_vida_lag1	0.000168741946956811	0.00166392936840066	0.000368437212158428
Visa_mconsumototal_delta1	0.000160105134613379	0.000233600467074448	0.000403526470459231
tcallcenter_delta1	0.00015067443816225	0.000479373515394212	0.000307031010132023
mttarjeta_master_debitos_automaticos_delta1	0.000148864189900313	0.00238418909824894	0.000482477301636037
cseguro_vivienda_lag1	0.000148595388930159	0.000416243032221636	0.000280714066406421
catm_trx_delta1	0.00014496659447433	0.000454774145713745	0.000377209526733629
ctarjeta_debito_delta1	0.000142832491239649	0.00267364680936091	0.000289486380981622
Master_mconsumosdolares_lag1	0.000141618673554264	0.000216808835174813	0.000315803324707224
minversion2_lag1	0.000140137991448452	0.00289999112173191	0.000298258695556823
ctarjeta_master_trx_delta1	0.000133275950841395	0.00122796808013046	0.00039475415588403
ctarjeta_visa_delta1	0.000131736937003582	0.00186885880337958	0.000254397122680819
internet_delta1	0.000131500853667061	0.000173969699207247	0.00026316943725602
mcheques_emitidos_delta1	0.000130200282260929	0.00224188920650175	0.000298258695556823
mprestamos_hipotecarios_lag1	0.000122492999644916	0.00235788548024658	0.000192990920654415
mcheques_depositados_delta1	0.000122361096467667	0.00248060424901671	0.000342120268432826
ccheques_depositados_delta1	0.000121273033017586	0.00199257624870048	0.000210535549804816
tmobile_app_delta1	0.00011973156151317	0.000421738270153734	0.000254397122680819
cpayroll_trx_delta1	0.000117754894012886	0.000168680465961541	0.000333347953857625
Master_msaldodolares_lag1	0.00011469263760083	0.000926271814410077	0.000184218606079214
Visa_delinquency	0.00011180071080037	0.000127331946651087	0.000149129347778411
cliente_edad_delta1	0.000109735472194458	0.000217781885078182	0.000228080178955217
cseguro_vida	0.000107892908401469	0.000475171660457985	0.000184218606079214
Master_mconsumosdolares	0.000107251372331149	0.000148394686450757	0.000298258695556823
Visa_mpagosdolares_delta1	0.000106794248083972	0.000725712943129434	0.000482477301636037
cforex_buy_delta1	0.000105860495828383	0.001464094831258	0.00013158471862801
Master_mpagado	0.000104803465256554	0.000412024169123592	0.000219307864380017
catm_trx_other	0.000103911249245302	0.00154129251337847	0.00026316943725602
ccajas_trx	0.000100205982443383	0.000230764222619473	0.000298258695556823
ccajas_depositos_lag1	9.1697612670874e-05	0.000615680203790032	0.000140357033203211
minversion1_pesos_delta1	8.57766911600401e-05	0.000193871612895515	0.000149129347778411
Master_mpagado_lag1	8.57606109890428e-05	0.000219781450003453	0.000201763235229615
mcaja_ahorro_adicional_delta1	8.34175853902464e-05	0.00187433573656354	0.000236852493530418
ctarjeta_master_debitos_automaticos_lag1	8.33602512916067e-05	0.000224487829560372	0.000175446291504013
active_quarter	8.29652688242794e-05	0.000125306221189928	0.00013158471862801
tpaquete9_lag1	8.16583304941313e-05	0.000384046505633765	0.000149129347778411
mcheques_depositados	7.63588469341654e-05	0.000833095460016866	0.000254397122680819
catm_trx_other_delta1	7.50029177056343e-05	0.000156347108011703	0.000175446291504013
cforex	7.47354950070733e-05	0.0001750367897542	0.000166673976928813
Master_msaldodolares	7.43896347866904e-05	0.00254868875973462	0.000236852493530418
mtarjeta_visa_descuentos_delta1	7.39451529354751e-05	0.000770191879451478	0.000184218606079214
ccajas_extracciones_lag1	7.07904263693863e-05	0.000878261739631679	0.000254397122680819
cseguro_vivienda	7.07455430910579e-05	0.000103127273102454	0.000114040089477609
Master_mconsumototal_lag1	6.84949880987506e-05	9.4904627697047e-05	0.000122812404052809
ccajas_consultas	6.77690754630058e-05	0.000662439301572423	0.000166673976928813
ccajas_extracciones_delta1	6.6641501636257e-05	0.000982794741121732	0.000201763235229615
mforex_buy_delta1	6.6559233112822e-05	0.00139718739211546	0.000114040089477609
mprestamos_hipotecarios_delta1	6.6501337676001e-05	1.60250443013631e-05	8.77231457520067e-05
mtarjeta_visa_descuentos_lag1	6.3419531336973e-05	0.000164984279692764	0.00013158471862801
Master_mconsumototal	6.29420744619823e-05	0.000190538013179538	0.000166673976928813
Master_mpagosdolares	6.21412777983699e-05	0.000105924086079137	0.000140357033203211
mprestamos_prendarios_lag1	6.0978841887758e-05	0.000846371283686717	9.64954603272073e-05
cplazo_fijo_lag1	5.91975030604265e-05	0.000335082067049062	7.8950831176806e-05
cforex_sell_lag1	5.82175162522998e-05	0.00132712940073838	0.000157901662353612
mprestamos_prendarios_delta1	5.71879824254267e-05	0.00215623167994785	0.000201763235229615
Master_mpagado_delta1	5.65272737126961e-05	0.000399207489552995	0.000157901662353612
catm_trx_other_lag1	5.60314485616952e-05	0.000476799944075089	0.000149129347778411
minversion1_pesos_lag1	5.56275026154209e-05	0.00155355951661629	0.000157901662353612
Master_delinquency_lag1	5.56144372234511e-05	0.000205594278685432	5.2633887451204e-05
cforex_lag1	5.55611889163087e-05	0.000304583534660807	0.00013158471862801
Master_mconsumototal_delta1	5.36389052669248e-05	0.000310399487034328	0.00013158471862801
ccheques_emitidos	5.34138550938067e-05	0.000935833833491064	0.000114040089477609
Visa_delinquency_lag1	5.16524352903076e-05	9.27005834810612e-05	0.000105267774902408
ccajas_consultas_lag1	4.87880690404594e-05	0.000285881802292449	0.000122812404052809
ctarjeta_master_debitos_automaticos	4.80422391259569e-05	0.000135057923223547	0.000114040089477609
ccajas_depositos	4.6635199878813e-05	0.000541512338836142	0.00013158471862801
Visa_madelantopesos	4.58651476330107e-05	0.000134258310808833	6.14062020264047e-05
ccheques_depositados_lag1	4.46365289208013e-05	0.000634909799332964	7.01785166016053e-05
cprestamos_hipotecarios	3.90154691903709e-05	0.000347603735095421	2.6316943725602e-05
ctarjeta_visa_lag1	3.83360602506107e-05	0.00117940001561284	0.000175446291504013
Master_msaldodolares_delta1	3.76258560125453e-05	0.000493403342147988	9.64954603272073e-05
Master_mpagosdolares_lag1	3.73564746639956e-05	0.000114132011416245	0.000166673976928813
ctarjeta_master_lag1	3.5098361817178e-05	0.00019478616387461	6.14062020264047e-05
tpaquete7_lag1	3.35851680423282e-05	0.000939923724384483	0.000245624808105619
ctarjeta_visa_descuentos_delta1	3.25910362940211e-05	0.000744908674888302	0.000105267774902408
cseguro_auto_lag1	3.23144619310318e-05	0.000299823308636434	5.2633887451204e-05
cforex_sell	3.13006015807847e-05	0.000189536514646763	7.01785166016053e-05
cforex_delta1	2.80756949340501e-05	0.000154787085851215	5.2633887451204e-05
cinversion2	2.74641773722399e-05	0.00116321564373285	0.000114040089477609
mtarjeta_master_descuentos_delta1	2.72031519625473e-05	0.000197548197829822	6.14062020264047e-05
active_quarter_delta1	2.71959644101261e-05	9.70809859814666e-05	6.14062020264047e-05
Master_mpagosdolares_delta1	2.67034715058601e-05	5.61631621408608e-05	8.77231457520067e-05
minversion2_delta1	2.6533809571342e-05	0.000221286557919512	7.01785166016053e-05
ccheques_emitidos_lag1	2.56493960464846e-05	0.000575862800391956	6.14062020264047e-05
ctarjeta_visa_descuentos_lag1	2.45958439879018e-05	0.000440844384916485	7.8950831176806e-05
ccajas_depositos_delta1	2.43481774437251e-05	0.000314611104502898	8.77231457520067e-05
cforex_buy	2.29055296518871e-05	0.0003137601625236	2.6316943725602e-05
mcheques_emitidos_lag1	2.25826125348246e-05	0.000694832909281966	8.77231457520067e-05
mcheques_emitidos_rechazados_lag1	2.23536140864296e-05	0.000131937802632787	2.6316943725602e-05
mtarjeta_visa_descuentos	2.06768317075886e-05	0.000134262200567813	9.64954603272073e-05
mforex_buy	2.02499854643174e-05	0.000914533589584238	7.01785166016053e-05
ctarjeta_visa_descuentos	1.96521195556163e-05	0.00044429498248101	7.01785166016053e-05
ccajas_otras_lag1	1.89679316787511e-05	0.000161850888159601	3.50892583008027e-05
Visa_delinquency_delta1	1.8273791213496e-05	9.06658581853981e-05	5.2633887451204e-05
cpagodeservicios_lag1	1.8062929138277e-05	0.000513396932116539	6.14062020264047e-05
ctarjeta_master_debitos_automaticos_delta1	1.72481384109125e-05	6.24365806783888e-05	5.2633887451204e-05
mtarjeta_master_descuentos	1.61784042301431e-05	0.000247310952242912	2.6316943725602e-05
cforex_sell_delta1	1.51169675537299e-05	8.18228343575115e-05	3.50892583008027e-05
Master_status_delta1	1.20124004312988e-05	0.000180919249379307	0.000157901662353612
mcheques_depositados_lag1	1.15932133309245e-05	0.000587310437341025	6.14062020264047e-05
Master_cadelantosefectivo_lag1	1.05675997742303e-05	5.08666069958978e-06	3.50892583008027e-05
ccajeros_propios_descuentos_lag1	1.01380446794503e-05	2.71884237657276e-05	2.6316943725602e-05
cinversion1_lag1	9.27069867057697e-06	5.18771816329597e-05	1.75446291504013e-05
mcajeros_propios_descuentos_lag1	9.04633607528107e-06	3.38348015466694e-05	1.75446291504013e-05
tpaquete7_delta1	8.90592726411202e-06	0.000681676600363532	6.14062020264047e-05
tcuentas	8.82119350572689e-06	4.79836854331582e-05	1.75446291504013e-05
cinversion2_lag1	8.38365940920679e-06	2.53669487859305e-05	8.77231457520067e-06
cprestamos_hipotecarios_lag1	8.1992768968756e-06	0.000576581185486785	4.38615728760033e-05
Visa_madelantopesos_lag1	6.56895564186738e-06	5.70711539185378e-06	1.75446291504013e-05
Master_madelantopesos	5.94890436597602e-06	7.43015658851179e-05	0.000219307864380017
Master_madelantopesos_delta1	5.58453755312902e-06	4.49267162234922e-06	1.75446291504013e-05
cplazo_fijo_delta1	4.73227723390978e-06	3.57737319937174e-05	1.75446291504013e-05
Master_delinquency_delta1	4.3536049447563e-06	1.03868005243974e-05	1.75446291504013e-05
Master_madelantopesos_lag1	4.32421587211028e-06	1.489739554597e-05	7.8950831176806e-05
cprestamos_prendarios_lag1	4.07671801586312e-06	9.8442096545467e-05	8.77231457520067e-06
ccheques_depositados	4.07668234630863e-06	5.40858020359813e-05	1.75446291504013e-05
mcheques_emitidos	3.93588900133656e-06	0.000118733825099397	3.50892583008027e-05
mpagodeservicios_delta1	2.86899409423979e-06	1.98758294221642e-05	8.77231457520067e-06
ctarjeta_master_descuentos	2.86790370339701e-06	3.47716233026717e-05	8.77231457520067e-06
mtarjeta_master_descuentos_lag1	2.01131636384246e-06	2.8378232395023e-05	8.77231457520067e-06
ccajeros_propios_descuentos_delta1	1.07449530031366e-06	2.23889950724151e-06	8.77231457520067e-06
ctarjeta_master_descuentos_lag1	6.06888248129346e-07	5.44543376319272e-06	8.77231457520067e-06
ctarjeta_master_delta1	6.06589591351094e-07	2.57849072018625e-05	3.50892583008027e-05
mcajeros_propios_descuentos_delta1	2.49082877006212e-07	2.1469181478229e-05	8.77231457520067e-06
Visa_cadelantosefectivo_delta1	1.26175690017122e-09	3.92476681121243e-06	8.77231457520067e-06
Visa_cadelantosefectivo_lag1	1.20529350307371e-10	1.60410609559882e-06	8.77231457520067e-06
Master_cadelantosefectivo	8.23194487389573e-14	1.4324304389526e-05	5.2633887451204e-05
Master_madelantodolares	8.63780721790356e-15	1.37117817547906e-06	8.77231457520067e-06
Master_cadelantosefectivo_delta1	1.03708659182084e-16	1.14953818338082e-06	8.77231457520067e-06
