fecha	gamma	alpha	lambda	subsample	tree_method	grow_policy	max_bin	max_depth	scale_pos_weight	eta	colsample_bytree	min_child_weight	max_leaves	prob_corte	nrounds	ganancia	iteracion
20220529 130019	0	0	0	1	hist	lossguide	256	0	1	0.269355900237802	0.608833802528679	3	341	0.0305823470334872	2	8477000	1
20220529 130048	0	0	0	1	hist	lossguide	256	0	1	0.187462825400638	0.708562422087416	9	819	0.0445291886790074	17	7596000	2
20220529 130113	0	0	0	1	hist	lossguide	256	0	1	0.254902945736307	0.344964181659743	9	115	0.0238160429211954	12	10172000	3
20220529 130155	0	0	0	1	hist	lossguide	256	0	1	0.122673524974729	0.786763029778376	2	465	0.0163429004707723	11	9742000	4
20220529 130227	0	0	0	1	hist	lossguide	256	0	1	0.167303346809233	0.529518113946542	8	1005	0.0345038021885557	24	8884000	5
20220529 130330	0	0	0	1	hist	lossguide	256	0	1	0.0616402050319593	0.95411612582393	3	457	0.0326699669468023	29	7983000	6
20220529 130400	0	0	0	1	hist	lossguide	256	0	1	0.183121170684462	0.587885245708749	4	166	0.020434545011085	5	9827000	7
20220529 130435	0	0	0	1	hist	lossguide	256	0	1	0.133375060386839	0.458152924757451	5	542	0.0359558596363058	20	7500000	8
20220529 130501	0	0	0	1	hist	lossguide	256	0	1	0.275249390645302	0.381823952123523	6	635	0.00909025102446321	13	10618000	9
20220529 130532	0	0	0	1	hist	lossguide	256	0	1	0.202665143788443	0.857712786225602	10	236	0.0489888917184241	30	6718000	10
20220529 130921	0	0	0	1	hist	lossguide	256	0	1	0.0143849069216521	0.667925022747368	1	864	0.0392184166586958	104	3839000	11
20220529 131728	0	0	0	1	hist	lossguide	256	0	1	0.0266994890781352	0.279546436564997	0	893	0.0216270656591708	199	1039000	12
20220529 131805	0	0	0	1	hist	lossguide	256	0	1	0.218171137424768	0.74791400320828	1	736	0.0258220632759427	5	7333000	13
20220529 131854	0	0	0	1	hist	lossguide	256	0	1	0.0726249365266412	0.431674571670592	4	52	0.0403630420357028	49	7581000	14
20220529 131929	0	0	0	1	hist	lossguide	256	0	1	0.108218143748934	0.495986862620339	10	587	0.0167043947886365	31	12618000	15
20220529 131954	0	0	0	1	hist	lossguide	256	0	1	0.29272482904396	0.801935414345935	6	100	0.0291545204764892	7	9022000	16
20220529 132022	0	0	0	1	hist	lossguide	256	0	1	0.14086950936215	0.303946525910869	0	394	0.0116233548489011	2	1426000	17
20220529 132106	0	0	0	1	hist	lossguide	256	0	1	0.0947705713099567	0.89153406733647	7	931	0.04310780732485	39	7935000	18
20220529 132206	0	0	0	1	hist	lossguide	256	0	1	0.0447191750193015	0.973012350443751	6	291	0.01438994234389	24	12574000	19
20220529 132234	0	0	0	1	hist	lossguide	256	0	1	0.230954302728642	0.220410624453798	7	690	0.0460910631047833	19	6704000	20
20220529 132327	0	0	0	1	hist	lossguide	256	0	1	0.0796689837729599	0.808631227803374	8	609	0.0083414124826905	45	11387000	21
20220529 132357	0	0	0	1	hist	lossguide	256	0	1	0.221144116353979	0.999924251337641	5	494	0.00833932638197129	7	10213000	22
20220529 132713	0	0	0	1	hist	lossguide	256	0	1	0.0101328755262911	0.504287266092363	9	300	0.0138275089865983	208	13502000	23
20220529 132955	0	0	0	1	hist	lossguide	256	0	1	0.0100462744110696	0.524926843629603	10	42	0.0105349703713075	86	12990000	24
20220529 133335	0	0	0	1	hist	lossguide	256	0	1	0.0100987329691158	0.633600809335033	7	229	0.0126285053096374	220	13311000	25
20220529 133625	0	0	0	1	hist	lossguide	256	0	1	0.0100511425268399	0.350638707978498	10	451	0.010792941047716	103	12844000	26
20220529 133949	0	0	0	1	hist	lossguide	256	0	1	0.0100415261120044	0.598678682761826	10	312	0.0130682833617085	246	13566000	27
20220529 134354	0	0	0	1	hist	lossguide	256	0	1	0.010079906619827	0.556953327343929	10	302	0.0171565075496858	427	13320000	28
20220529 134716	0	0	0	1	hist	lossguide	256	0	1	0.0102676765690919	0.644086502121	9	251	0.0140619704733575	209	13400000	29
20220529 134800	0	0	0	1	hist	lossguide	256	0	1	0.0543100291808434	0.518628871752997	10	295	0.00833426504022318	12	12223000	30
20220529 135128	0	0	0	1	hist	lossguide	256	0	1	0.0100718929833649	0.572688503127638	10	881	0.0140725659221385	265	13671000	31
20220529 135545	0	0	0	1	hist	lossguide	256	0	1	0.0100095171536101	0.663714703447324	7	962	0.014466898598925	381	13099000	32
20220529 135913	0	0	0	1	hist	lossguide	256	0	1	0.0100214246407719	0.964325756064456	10	1022	0.0151179411361044	237	13300000	33
20220529 140231	0	0	0	1	hist	lossguide	256	0	1	0.0101410952884128	0.749827796163546	10	757	0.0148385428170198	234	13400000	34
20220529 140618	0	0	0	1	hist	lossguide	256	0	1	0.0101325670651261	0.620936213820193	7	479	0.0150616605562945	280	12976000	35
20220529 141007	0	0	0	1	hist	lossguide	256	0	1	0.0105786699792468	0.372842086386258	10	1023	0.0148848758385883	362	13261000	36
20220529 141331	0	0	0	1	hist	lossguide	256	0	1	0.0102531676063934	0.613641585971941	10	1020	0.0136780338031497	263	13461000	37
20220529 141702	0	0	0	1	hist	lossguide	256	0	1	0.0101869101889915	0.527021653419204	9	941	0.0141079290252658	264	13672000	38
20220529 142026	0	0	0	1	hist	lossguide	256	0	1	0.0100017175673976	0.510704430058661	9	846	0.0136608009189991	211	13575000	39
20220529 142347	0	0	0	1	hist	lossguide	256	0	1	0.0104433184622386	0.520768337745176	9	940	0.0156619236625857	250	13586000	40
20220529 142412	0	0	0	1	hist	lossguide	256	0	1	0.299886271306534	0.998305377577993	10	964	0.0144064944118092	8	12218000	41
20220529 143032	0	0	0	1	hist	lossguide	256	0	1	0.0103746869867118	0.526806698352023	7	2	0.014275585398403	2916	13106000	42
20220529 143407	0	0	0	1	hist	lossguide	256	0	1	0.0104343591031126	0.40580325328782	10	195	0.0141196689287673	263	13204000	43
20220529 143741	0	0	0	1	hist	lossguide	256	0	1	0.0101781758084792	0.999303508894773	10	301	0.0141524008823043	252	13386000	44
20220529 143805	0	0	0	1	hist	lossguide	256	0	1	0.299979178843773	0.45017232776275	9	1022	0.0143257353989759	6	11363000	45
20220529 144146	0	0	0	1	hist	lossguide	256	0	1	0.0100507405007815	0.534397277678477	6	243	0.0119971922109177	193	13128000	46
20220529 144529	0	0	0	1	hist	lossguide	256	0	1	0.0102054843664663	0.271916691457647	8	958	0.0133061662176367	270	13212000	47
20220529 144927	0	0	0	1	hist	lossguide	256	0	1	0.0100070343571958	0.537627684091752	8	942	0.0138184679110154	333	13228000	48
20220529 145228	0	0	0	1	hist	lossguide	256	0	1	0.0101649401870098	0.200052396583624	7	222	0.0120062469186482	110	12986000	49
20220529 145541	0	0	0	1	hist	lossguide	256	0	1	0.010048326716527	0.346238775650192	7	1022	0.0119969378524675	123	13129000	50
20220529 145913	0	0	0	1	hist	lossguide	256	0	1	0.0115550473548425	0.230430501607992	9	929	0.0132296287183223	358	13098000	51
20220529 150309	0	0	0	1	hist	lossguide	256	0	1	0.0101217990929814	0.75287471546082	9	916	0.0141583872685105	342	13185000	52
20220529 150709	0	0	0	1	hist	lossguide	256	0	1	0.0100909235644547	0.591894647212542	6	1013	0.0136048032555911	238	13235000	53
20220529 151011	0	0	0	1	hist	lossguide	256	0	1	0.0132663738073159	0.998920803345729	10	937	0.0231984062736616	251	11911000	54
20220529 151343	0	0	0	1	hist	lossguide	256	0	1	0.0100003223675749	0.859267480056862	10	77	0.0141062972789096	269	13559000	55
20220529 151746	0	0	0	1	hist	lossguide	256	0	1	0.0100923573738874	0.995930929401787	6	1000	0.0120377663372975	203	12967000	56
20220529 151814	0	0	0	1	hist	lossguide	256	0	1	0.223682060634846	0.98856212431277	10	60	0.0142107150108285	15	11660000	57
20220529 151845	0	0	0	1	hist	lossguide	256	0	1	0.284818852454842	0.967057626451294	3	1023	0.0151451895415562	9	9301000	58
20220529 152128	0	0	0	1	hist	lossguide	256	0	1	0.0100404649505457	0.888380295556862	6	2	0.00837997882400296	865	10217000	59
20220529 152206	0	0	0	1	hist	lossguide	256	0	1	0.125052190011992	0.929594796213202	6	1024	0.0139562392970583	20	11693000	60
20220529 152547	0	0	0	1	hist	lossguide	256	0	1	0.0100640308921691	0.471211988222389	8	134	0.0135884401545517	263	13238000	61
20220529 153037	0	0	0	1	hist	lossguide	256	0	1	0.010031524296918	0.744799166611291	5	755	0.0132863120757628	355	12798000	62
20220529 153230	0	0	0	1	hist	lossguide	256	0	1	0.0188800879667523	0.996647396845345	10	910	0.0113645479109334	98	13031000	63
20220529 153552	0	0	0	1	hist	lossguide	256	0	1	0.0100692536496934	0.542818867400989	10	930	0.0148157331726316	247	13728000	64
20220529 153938	0	0	0	1	hist	lossguide	256	0	1	0.0100905608403062	0.713645864306514	10	49	0.0154232954548996	330	13176000	65
20220529 154338	0	0	0	1	hist	lossguide	256	0	1	0.0100605648152713	0.474729113454472	6	741	0.0134554586220287	255	13260000	66
20220529 154751	0	0	0	1	hist	lossguide	256	0	1	0.0105705887103559	0.444264366227456	10	947	0.0208372725657431	483	12868000	67
20220529 155134	0	0	0	1	hist	lossguide	256	0	1	0.0100209929646766	0.393119897585289	7	248	0.0144054504307155	245	13182000	68
20220529 155524	0	0	0	1	hist	lossguide	256	0	1	0.0100147633266867	0.84707334754331	10	237	0.0134109813314276	305	13422000	69
20220529 155842	0	0	0	1	hist	lossguide	256	0	1	0.0103220937754597	0.54565833313462	10	660	0.0143480556699359	235	13472000	70
20220529 160220	0	0	0	1	hist	lossguide	256	0	1	0.0100214059969689	0.558013527328894	10	8	0.0291859223066955	783	12146000	71
20220529 160618	0	0	0	1	hist	lossguide	256	0	1	0.0100908441625994	0.202237892923132	7	39	0.026829812270383	407	11498000	72
20220529 161009	0	0	0	1	hist	lossguide	256	0	1	0.010142872704403	0.210169885842088	10	938	0.0293828946366896	396	11429000	73
20220529 161259	0	0	0	1	hist	lossguide	256	0	1	0.01162196944895	0.996859577974805	10	29	0.0125098193159714	204	13096000	74
20220529 161718	0	0	0	1	hist	lossguide	256	0	1	0.0101544848325166	0.944002748365957	10	85	0.018959105204823	376	12585000	75
20220529 161812	0	0	0	1	hist	lossguide	256	0	1	0.0492767788819331	0.91186676157795	10	819	0.0145495768515325	37	13397000	76
20220529 162154	0	0	0	1	hist	lossguide	256	0	1	0.0100473247992649	0.532384725147206	9	352	0.0260440723489695	310	11360000	77
20220529 162455	0	0	0	1	hist	lossguide	256	0	1	0.0100465723001925	0.62085447681051	6	839	0.0109703781008288	67	12855000	78
20220529 162734	0	0	0	1	hist	lossguide	256	0	1	0.0163871423936631	0.562708912254448	10	948	0.017160050457017	250	13194000	79
20220529 163046	0	0	0	1	hist	lossguide	256	0	1	0.0111446029654967	0.201127373593418	10	4	0.0350332084891723	927	11501000	80
20220529 163514	0	0	0	1	hist	lossguide	256	0	1	0.0100385882475526	0.201141915444079	6	951	0.0152664891444215	418	13267000	81
20220531 153844	0	0	0	1	hist	lossguide	256	0	1	0.0100307327632053	0.510084673415334	10	933	0.0145710489636694	234	13637000	82
20220531 154205	0	0	0	1	hist	lossguide	256	0	1	0.01015099612863	0.570078743219574	10	411	0.0146326175006449	213	13653000	83
20220531 154653	0	0	0	1	hist	lossguide	256	0	1	0.0102322749744833	0.200113087646	10	64	0.022439601060799	612	12555000	84
20220531 154934	0	0	0	1	hist	lossguide	256	0	1	0.0101906865329405	0.999133276307934	10	3	0.034291918132305	663	10940000	85
20220531 155402	0	0	0	1	hist	lossguide	256	0	1	0.0102782730145842	0.224682719079734	7	1017	0.0210388770792091	425	12548000	86
20220531 155827	0	0	0	1	hist	lossguide	256	0	1	0.0101104361876735	0.20386813762798	6	150	0.018051083574291	380	13272000	87
20220531 160137	0	0	0	1	hist	lossguide	256	0	1	0.0102704712144642	0.558098017819226	9	135	0.0121247094271292	166	13104000	88
20220531 160539	0	0	0	1	hist	lossguide	256	0	1	0.0101058734323735	0.999908662148293	5	948	0.0186584295747979	179	12162000	89
20220531 160957	0	0	0	1	hist	lossguide	256	0	1	0.0101959000329092	0.200687936767793	5	164	0.013996907684838	293	13129000	90
20220531 161305	0	0	0	1	hist	lossguide	256	0	1	0.0115825452468728	0.204139626237844	8	311	0.0194230361048212	229	12726000	91
20220531 161656	0	0	0	1	hist	lossguide	256	0	1	0.0102930030925257	0.999487590992823	4	187	0.0144164281090013	96	12366000	92
20220531 162055	0	0	0	1	hist	lossguide	256	0	1	0.0103101641709951	0.201798072897796	6	378	0.0139985949282103	300	13139000	93
20220531 162516	0	0	0	1	hist	lossguide	256	0	1	0.0100239861656714	0.649705323901394	5	260	0.0154998741113085	308	12984000	94
20220531 162644	0	0	0	1	hist	lossguide	256	0	1	0.0289807140220698	0.587478690493393	10	885	0.0148344380017905	88	13624000	95
20220531 163122	0	0	0	1	hist	lossguide	256	0	1	0.0100228236599672	0.21621751134371	5	923	0.0179781589173295	333	12998000	96
20220531 163148	0	0	0	1	hist	lossguide	256	0	1	0.299183057987641	0.999929257236376	10	965	0.0303874860242825	7	9858000	97
20220531 163220	0	0	0	1	hist	lossguide	256	0	1	0.227190688308717	0.570792210205155	10	980	0.00949108605302488	26	11214000	98
20220531 163613	0	0	0	1	hist	lossguide	256	0	1	0.0102026811342005	0.202999589700955	5	44	0.0218278445351534	357	12398000	99
20220531 164045	0	0	0	1	hist	lossguide	256	0	1	0.0101747477547503	0.26453824634875	5	970	0.0125416293673006	330	12976000	100
20220531 164538	0	0	0	1	hist	lossguide	256	0	1	0.0100636890323696	0.209669564337404	5	574	0.0164500238524399	422	13006000	101
20220531 164818	0	0	0	1	hist	lossguide	256	0	1	0.0103348549778047	0.238750001516081	8	965	0.00834938781415401	47	12446000	102
20220531 165259	0	0	0	1	hist	lossguide	256	0	1	0.0101014560875655	0.316849373381836	6	878	0.0187028179192348	416	12788000	103
20220531 165646	0	0	0	1	hist	lossguide	256	0	1	0.0101399253902366	0.209133306016806	5	2	0.0167691033566959	1489	13065000	104
20220531 170009	0	0	0	1	hist	lossguide	256	0	1	0.0101304229079237	0.913046610985573	10	529	0.0143983256856075	222	13254000	105
20220531 170032	0	0	0	1	hist	lossguide	256	0	1	0.299879127536427	0.993653918414283	0	3	0.0499887383197141	9	8934000	106
20220531 170104	0	0	0	1	hist	lossguide	256	0	1	0.298464224466869	0.999000054592001	2	2	0.0242357984374394	166	12407000	107
20220531 170408	0	0	0	1	hist	lossguide	256	0	1	0.0113142816321751	0.99918901981267	2	3	0.0202241171523618	906	12366000	108
20220531 170742	0	0	0	1	hist	lossguide	256	0	1	0.0109289980538385	0.951527681908517	8	61	0.0144406995025371	240	13195000	109
20220531 171121	0	0	0	1	hist	lossguide	256	0	1	0.0102382300886123	0.997471505398668	7	133	0.0219507815580318	205	11493000	110
20220531 171444	0	0	0	1	hist	lossguide	256	0	1	0.0102079801367086	0.556466360304324	10	820	0.0149396838341432	250	13705000	111
20220531 171513	0	0	0	1	hist	lossguide	256	0	1	0.295350918869877	0.998631375668011	2	2	0.0160213687119913	139	12576000	112
20220531 171542	0	0	0	1	hist	lossguide	256	0	1	0.289315184446421	0.998545167141478	0	3	0.0298459201811196	115	9404000	113
20220531 171914	0	0	0	1	hist	lossguide	256	0	1	0.0100567460497145	0.397065638484751	9	771	0.0148825201433908	281	13425000	114
20220531 172054	0	0	0	1	hist	lossguide	256	0	1	0.0211261456701786	0.995197857578121	2	8	0.0128310199478518	326	13093000	115
20220531 172122	0	0	0	1	hist	lossguide	256	0	1	0.299286308189236	0.200348544429841	5	171	0.0172816732962262	7	11202000	116
20220531 172139	0	0	0	1	hist	lossguide	256	0	1	0.298506886428646	0.9976072131676	3	4	0.049999487961581	8	9268000	117
20220531 172555	0	0	0	1	hist	lossguide	256	0	1	0.0100110706241064	0.98852757764322	3	106	0.0141795227584605	97	12290000	118
20220531 172623	0	0	0	1	hist	lossguide	256	0	1	0.29864437118569	0.999984619704319	2	2	0.00835079825994568	123	10841000	119
20220531 173000	0	0	0	1	hist	lossguide	256	0	1	0.0103471010624542	0.999578137833201	7	722	0.0134451771565253	181	13157000	120
