fecha	cp	minsplit	minbucket	maxdepth	xval_folds	ganancia	iteracion
20220525 141103	-0.649913885437127	4548	1427	7	5	9409000	1
20220525 141214	-0.408215595931688	4306	1220	11	5	9149000	2
20220525 141333	-0.0692446565299177	2381	336	13	5	9714000	3
20220525 141407	-0.657843915258127	3357	593	4	5	9960000	4
20220525 141442	0.0326253176463069	5308	870	20	5	0	5
20220525 141535	-0.370945495444175	6364	966	9	5	10063000	6
20220525 141630	-0.745256061483815	3666	1335	9	5	9341000	7
20220525 141801	-0.141933713115577	6811	94	15	5	9193000	8
20220525 141828	-0.243754675115633	5945	1583	3	5	8249000	9
20220525 141938	-0.803227544350375	1449	639	17	5	10861000	10
20220525 142022	-0.948308050367632	7174	128	6	5	8487000	11
20220525 142118	-0.86921548491373	7917	1920	17	5	8582000	12
20220525 142209	-0.225768669047102	2516	448	7	5	9593000	13
20220525 142253	-0.79381170043877	3615	135	6	5	9215000	14
20220525 142346	-0.269295467110351	7866	1208	18	5	8582000	15
20220525 142439	-0.507945754355751	5897	1159	9	5	9900000	16
20220525 142632	-0.681398232069937	4	2	16	5	7216000	17
20220525 142706	0.0817288194907026	2	1	17	5	0	18
20220525 142738	-0.119914126923534	585	91	3	5	9017000	19
20220525 142851	-0.844944418309996	1554	777	20	5	10215000	20
20220525 142935	-0.577122572799706	7139	326	3	5	8558000	21
20220525 143032	-0.327863969960178	2997	2	8	5	9436000	22
20220525 143134	-0.7996135002036	3806	897	20	5	9570000	23
20220525 143246	-0.821870938912471	1548	771	12	5	10204000	24
20220525 143409	-0.139496365014434	2887	13	14	5	8738000	25
20220525 143506	-0.440529778568277	7946	10	9	5	8360000	26
20220525 143541	-0.54464004042959	2851	1017	3	5	8939000	27
20220525 143746	-0.810247045907218	9	4	20	5	4144000	28
20220525 143852	-0.349394859920655	7998	701	14	5	8582000	29
20220525 143956	-0.953472079844203	2073	1034	17	5	10010000	30
20220525 144112	-0.604402589889089	1845	403	16	5	9753000	31
20220525 144217	-0.119126574670328	5540	262	11	5	10158000	32
20220525 144325	-0.735288204238419	1509	753	15	5	10268000	33
20220525 144432	-0.591733674868677	1355	517	10	5	10072000	34
20220525 144544	-0.925761244128886	2876	497	15	5	9741000	35
20220525 144644	-0.898051586673219	1491	744	7	5	10325000	36
20220525 144734	-0.10226343364827	7999	1999	9	5	8582000	37
20220525 144847	-0.635246654784321	3141	1567	18	5	9036000	38
20220525 144932	-0.802392444955426	7986	942	6	5	8582000	39
20220525 145001	-0.99958601159831	867	432	3	5	9017000	40
20220525 145059	-0.120698201167103	2224	1100	9	5	9851000	41
20220525 145158	-0.838309738817779	7742	679	18	5	8558000	42
20220525 145308	-0.843068228648084	1508	751	17	5	10268000	43
20220525 145356	-0.780785037037402	1809	568	6	5	10703000	44
20220525 145426	-0.999353722225305	3845	1922	3	5	8346000	45
20220525 145514	-0.509738739350651	7997	2000	8	5	8582000	46
20220525 145542	-0.0951539927578766	7998	453	3	5	8582000	47
20220525 145611	-0.935225605964745	4902	615	3	5	8922000	48
20220525 145726	-0.753282068703846	1094	547	13	5	10819000	49
20220525 145823	-0.755715073941421	1245	619	8	5	10540000	50
20220525 145928	-0.68784026513345	2174	497	11	5	9986000	51
20220525 150033	-0.121349707133725	1084	513	10	5	9983000	52
20220525 150133	-0.999515534598519	2582	1290	20	5	9225000	53
20220525 150244	-0.630464953906072	1314	643	20	5	10484000	54
20220525 150326	-0.897665158607376	2838	1418	5	5	9172000	55
20220525 150439	-0.779468521878146	1229	602	17	5	10758000	56
20220525 150509	-0.386632756608179	749	373	3	5	9017000	57
20220525 150559	-0.16419409417914	7998	1202	8	5	8582000	58
20220525 150655	-0.303656558468615	1960	974	8	5	10068000	59
20220525 150814	-0.797155639186448	2490	575	13	5	10235000	60
20220525 150923	-0.526493271682169	1274	632	13	5	10435000	61
20220525 151035	-0.287164088264576	1675	262	12	5	10147000	62
20220525 151129	-0.643366923666393	7998	1354	18	5	8582000	63
20220525 151220	-0.287941759231425	7985	1999	17	5	8582000	64
20220525 151330	-0.7436178228608	1610	650	19	5	10539000	65
20220525 151441	-0.800081564903044	1250	624	15	5	10595000	66
20220525 151627	-0.756037809339574	1407	9	18	5	8768000	67
20220525 151721	-0.168793065638414	6065	1	8	5	9883000	68
20220525 151830	-0.644058499059313	6032	318	11	5	10158000	69
20220525 151928	-0.360496447981462	4846	290	9	5	9280000	70
20220525 152026	-0.999403596421348	6477	1133	12	5	10106000	71
20220525 152118	-0.792705949183148	1336	1	7	5	9024000	72
20220525 152220	-0.14654662575415	6650	288	11	5	9923000	73
20220525 152259	0.0210043409865886	1639	610	5	5	0	74
20220525 152329	-0.749214014201583	5887	546	3	5	8922000	75
20220525 152442	-0.459471829036083	1097	545	20	5	10787000	76
20220525 152554	-0.348463640402164	1278	638	20	5	10641000	77
20220525 152655	-0.449982241869278	6268	764	20	5	10063000	78
20220525 152751	-0.999984720235096	7997	970	20	5	8582000	79
20220525 152903	-0.409407156711389	1793	894	20	5	9993000	80
20220525 153018	-0.525692727315416	964	481	20	5	9201000	81
20220525 153126	-0.464553425529352	1314	653	12	5	10579000	82
20220525 153233	-0.787448742657481	1765	876	17	5	9989000	83
20220525 153346	-0.445606366960816	1205	602	17	5	10724000	84
20220525 153456	-0.644304410229198	1297	554	13	5	10676000	85
20220525 153606	-0.295326381558582	1308	654	20	5	10578000	86
20220525 153644	-0.753676316136289	1602	337	4	5	9634000	87
20220525 153746	-0.610524640824029	5015	709	15	5	9471000	88
20220525 153846	-0.975098052097221	1685	618	9	5	10656000	89
20220525 153946	-0.45528213625293	6077	2000	20	5	9522000	90
20220525 154031	-0.999684396090436	7997	1602	7	5	8582000	91
20220525 154125	-0.94781981241108	5621	2000	20	5	9522000	92
20220525 154222	-0.283285904637482	5	1	8	5	9388000	93
20220525 154317	-0.103668261739495	3978	1989	15	5	9757000	94
20220525 154405	-0.804532362419895	6089	1996	7	5	9522000	95
20220525 154508	-0.974270603827475	5311	619	18	5	10253000	96
20220525 154600	-0.290842361372046	6199	604	8	5	10063000	97
20220525 154712	-0.955769847592388	1532	634	18	5	10861000	98
20220525 154813	-0.311479350207287	3412	1704	20	5	9629000	99
20220525 154925	-0.759926335594352	1448	563	13	5	10869000	100
20220525 155018	-0.804704429184925	1519	552	6	5	10747000	101
20220525 155115	-0.0925432365585453	6864	1	9	5	9455000	102
20220525 155229	-0.920674828675648	1627	660	19	5	10541000	103
20220525 155341	-0.317055160221176	1177	585	13	5	10835000	104
20220525 155450	-0.999705074942011	1490	626	13	5	10653000	105
20220525 155601	-0.475443926989522	1553	769	18	5	10204000	106
20220525 155657	-0.320751771840668	5937	1997	11	5	9522000	107
20220525 155805	-0.958633142085353	1436	624	12	5	10805000	108
20220525 155918	-0.0966916525428571	1176	588	20	5	10825000	109
20220525 160021	-0.103974953029901	2290	1139	20	5	9732000	110
20220525 160147	-0.0926931732651184	626	312	20	5	9713000	111
20220525 160304	-0.718353630823984	6283	1	13	5	9596000	112
20220525 160414	-0.102474954124499	1358	664	15	5	10533000	113
20220525 160502	-0.958511142094257	1583	662	6	5	10540000	114
20220525 160610	-0.103337009393564	2947	589	20	5	10142000	115
20220525 160719	-0.969537741299807	1564	628	17	5	10654000	116
