fecha	cp	minsplit	minbucket	maxdepth	xval_folds	ganancia	iteracion	
20220521 020538	-0,790604781099229	1993	993	11	5	11293000	101	-0,790604781
20220521 023612	-0,288730771458674	2007	1001	16	5	11291000	127	-0,288730771
20220521 023453	-0,367311719363366	1964	979	20	5	11123000	126	-0,367311719
20220520 213749	-0,683490855757622	1978	983	12	5	11121000	21	-0,683490856
20220521 021036	-0,618569892951019	1978	988	9	5	11117000	106	-0,618569893
20220521 020017	-0,951332325322962	1979	988	11	5	11117000	97	-0,951332325
20220521 014940	-0,982222572039815	1974	985	9	5	11116000	89	-0,982222572
20220521 014659	-0,893512835188743	1920	959	11	5	11116000	87	-0,893512835
20220521 011946	-0,998997302991123	1940	967	12	5	11115000	64	-0,998997303
20220521 023730	-0,332857843006153	1982	987	16	5	11115000	128	-0,332857843
20220521 015404	-0,731077803134984	1929	960	11	5	11114000	92	-0,731077803
20220521 020731	-0,761750320365083	1978	989	13	5	11114000	103	-0,76175032
20220520 220322	-0,390260329529032	1949	974	19	5	11114000	45	-0,39026033
20220521 023850	-0,258784506866016	2013	999	19	5	11100000	129	-0,258784507
20220521 013254	-0,545238053530566	1915	953	14	5	11043000	74	-0,545238054
20220521 014115	-0,661901059940046	1917	956	14	5	11042000	80	-0,66190106
20220521 015529	-0,318627930064629	1577	522	20	5	11014000	93	-0,31862793
20220521 015900	-0,627485551233316	1481	484	15	5	11004000	96	-0,627485551
20220521 014825	-0,370243630672141	1520	482	20	5	11004000	88	-0,370243631
20220521 020304	-0,99972340962216	1385	525	12	5	10986000	99	-0,99972341
20220521 020143	-0,356829861962543	1695	507	17	5	10963000	98	-0,356829862
20220521 014419	-0,247742834238075	1771	531	20	5	10963000	84	-0,247742834
20220521 015116	-0,558800817955517	1679	500	20	5	10963000	90	-0,558800818
20220521 011314	-0,774128091538334	1868	929	15	5	10929000	58	-0,774128092
20220521 013131	-0,999810630673657	1466	271	10	5	10875000	73	-0,999810631
20220521 014605	-0,258331023829355	1506	478	13	5	10875000	86	-0,258331024
20220521 014303	-0,575670072583602	1517	385	14	5	10854000	82	-0,575670073
20220521 020421	-0,689635500258837	1877	938	12	5	10830000	100	-0,6896355
20220521 013533	-0,915733489514416	1966	315	12	5	10681000	76	-0,91573349
20220521 005854	-0,521949365222842	1252	515	11	5	10591000	50	-0,521949365
20220521 015243	-0,490334635519806	1710	442	20	5	10582000	91	-0,490334636
20220521 012558	-0,998748490799718	1748	872	20	5	10560000	69	-0,998748491
20220521 010127	-0,259395326379358	1784	891	15	5	10556000	51	-0,259395326
20220521 010639	-0,694136606606355	1869	282	11	5	10521000	53	-0,694136607
20220520 214204	-0,619086718148931	1595	794	12	5	10501000	27	-0,619086718
20220521 022107	-0,999783529652995	1313	384	10	5	10488000	115	-0,99978353
20220521 011449	-0,296010170108017	1196	597	16	5	10488000	59	-0,29601017
20220520 214334	-0,504961250571195	1569	780	20	5	10484000	29	-0,504961251
20220520 213917	-0,646315086031608	945	288	11	5	10479000	24	-0,646315086
20220520 220129	-0,999336802372647	1282	641	19	5	10472000	42	-0,999336802
20220521 012158	-0,923915848083641	2652	964	12	5	10468000	66	-0,923915848
20220520 214116	-0,450364981835501	2118	1020	9	5	10464000	26	-0,450364982
20220520 213712	-0,892978156861151	2083	1034	20	5	10464000	20	-0,892978157
20220520 212737	-0,798274835440679	1886	464	18	5	10433000	4	-0,798274835
20220520 215822	-0,883443186753579	904	452	12	5	10419000	36	-0,883443187
20220520 212504	-0,219854699409916	2030	546	8	5	10411000	2	-0,219854699
20220521 012958	-0,414008725461886	2198	574	16	5	10411000	72	-0,414008725
20220520 213616	-0,620664389623211	2091	1044	20	5	10389000	18	-0,62066439
20220521 023221	-0,790849119029158	5996	589	15	5	10328000	124	-0,790849119
20220521 020924	-0,249035420331213	5744	532	20	5	10328000	105	-0,24903542
20220521 021320	-0,999259019950234	1277	628	16	5	10324000	108	-0,99925902
20220520 213440	-0,717092102533206	2548	399	19	5	10321000	14	-0,717092103
20220520 215949	-0,999874632606304	2267	1131	12	5	10301000	39	-0,999874633
20220521 011152	-0,668710631305289	1119	426	8	5	10298000	57	-0,668710631
20220520 214549	-0,70095345278521	2336	823	10	5	10260000	32	-0,700953453
20220521 024007	-0,280548631698731	2201	1096	15	5	10184000	130	-0,280548632
20220520 220246	-0,671617395809717	653	324	18	5	10169000	44	-0,671617396
20220520 214629	-0,871787135674448	678	337	12	5	10161000	33	-0,871787136
20220521 015657	-0,232438012906526	1010	504	20	5	10154000	94	-0,232438013
20220521 014510	-0,22898174943699	2078	672	20	5	10133000	85	-0,228981749
20220521 022422	-0,999972094211732	5446	537	20	5	10124000	118	-0,999972094
20220521 022231	-0,999823267094104	2556	187	11	5	10109000	116	-0,999823267
20220521 010918	-0,999850763187173	2654	320	20	5	10058000	55	-0,999850763
20220521 021539	-0,277269195800161	5546	460	9	5	10035000	110	-0,277269196
20220521 023105	-0,810793118999889	6063	299	20	5	10035000	123	-0,810793119
20220521 011036	-0,660334369011539	3868	1010	12	5	9991000	56	-0,660334369
20220521 022836	-0,999512423980455	6323	525	9	5	9940000	121	-0,999512424
20220521 021650	-0,549433117189079	6517	984	16	5	9940000	111	-0,549433117
20220521 023333	-0,252076957728746	6275	808	19	5	9940000	125	-0,252076958
20220521 021947	-0,999819591129282	6395	809	20	5	9940000	114	-0,999819591
20220521 013944	-0,363198234454481	5073	980	20	5	9848000	79	-0,363198234
20220520 213158	-0,673930899536936	5370	872	20	5	9831000	8	-0,6739309
20220521 021157	-0,271046913570705	3591	498	20	5	9794000	107	-0,271046914
20220520 213359	-0,993767285103968	2790	633	9	5	9771000	13	-0,993767285
20220521 013357	-0,999690466562073	3441	3	7	5	9760000	75	-0,999690467
20220521 005550	-0,903460186295903	4389	247	9	5	9737000	49	-0,903460186
20220521 010752	-0,275779078444226	4508	638	9	5	9737000	54	-0,275779078
20220521 010259	-0,283401252401956	4496	641	10	5	9737000	52	-0,283401252
20220520 212559	-0,640521959387115	4862	1610	6	5	9661000	3	-0,640521959
20220521 022942	-0,800455721640902	6537	1555	10	5	9661000	122	-0,800455722
20220520 213007	-0,568139278392482	5583	1451	14	5	9661000	6	-0,568139278
20220521 011643	-0,999680738599051	5783	1536	20	5	9661000	61	-0,999680739
20220521 013830	-0,563473140773368	4965	470	20	5	9643000	78	-0,563473141
20220520 215915	-0,499849857536691	4119	455	13	5	9602000	38	-0,499849858
20220520 213838	-0,735262504721853	2437	1213	15	5	9590000	23	-0,735262505
20220521 012039	-0,999131468806665	3060	1522	4	5	9542000	65	-0,999131469
20220520 212349	-0,781948373880004	4359	1875	12	5	9531000	1	-0,781948374
20220521 021834	-0,686666564087246	5743	1779	20	5	9503000	113	-0,686666564
20220521 022729	-0,999972777821268	4541	1701	12	5	9501000	120	-0,999972778
20220520 214719	-0,998322261161613	2312	1156	12	5	9499000	35	-0,998322261
20220520 220203	-0,522852305218566	2512	1254	11	5	9475000	43	-0,522852305
20220521 012715	-0,657242565096977	3275	1635	20	5	9472000	70	-0,657242565
20220521 021430	-0,806143881707693	4586	1508	20	5	9455000	109	-0,806143882
20220520 220052	-0,317468023843775	2348	1173	8	5	9450000	41	-0,317468024
20220521 014208	-0,531809848325667	2930	1465	7	5	9414000	81	-0,531809848
20220521 012354	-0,999906600881755	6603	1	17	5	9356000	67	-0,999906601
20220520 214246	-0,980988123715407	3991	1995	20	5	9345000	28	-0,980988124
20220520 220019	-0,485765549168814	4008	1999	20	5	9344000	40	-0,485765549
20220521 005045	-0,493914506465949	4110	2000	20	5	9344000	47	-0,493914506
20220520 212857	-0,247885884260177	3764	1277	11	5	9293000	5	-0,247885884
20220520 214031	-0,922330250274824	2920	1	20	5	9273000	25	-0,92233025
20220521 022620	-0,999875040045459	4841	2	20	5	9250000	119	-0,99987504
20220520 213806	-0,858416993299492	1437	718	3	5	8977000	22	-0,858416993
20220521 011816	-0,209934972596293	1446	721	3	5	8977000	63	-0,209934973
20220520 213537	-0,308117721043504	2237	347	3	5	8973000	17	-0,308117721
20220520 213635	-0,217453723819429	4804	150	3	5	8973000	19	-0,217453724
20220521 015734	-0,259742562593253	5328	984	3	5	8894000	95	-0,259742563
20220520 214646	-0,212231666388959	1842	906	3	5	8877000	34	-0,212231666
20220520 215840	-0,213676749622617	1847	914	3	5	8877000	37	-0,21367675
20220521 011523	-0,56392473206491	5884	120	3	5	8877000	60	-0,563924732
20220520 213216	-0,129658957097854	6734	359	3	5	8579000	9	-0,129658957
20220520 213518	-0,587405470393908	6745	721	3	5	8579000	16	-0,58740547
20220520 220347	-0,704433247558744	7308	1	3	5	8374000	46	-0,704433248
20220521 014325	-0,999704041508649	7996	1688	3	5	8374000	83	-0,999704042
20220521 022307	-0,243036755867183	7988	1	3	5	8374000	117	-0,243036756
20220520 214509	-0,325203364345638	7997	750	8	5	8374000	31	-0,325203364
20220521 012833	-0,877426183322637	7997	526	20	5	8374000	71	-0,877426183
20220521 013702	-0,66798289406874	8000	1261	20	5	8374000	77	-0,667982894
20220521 020808	-0,907646595092349	8000	2	3	5	8373000	104	-0,907646595
20220521 020615	-0,99986436563891	5564	2000	3	5	8345000	102	-0,999864366
20220521 021728	-0,639107331373182	4006	1999	3	5	8345000	112	-0,639107331
20220520 213237	-0,893176641254104	7563	949	4	5	8332000	10	-0,893176641
20220520 213113	-0,344932943343883	7351	245	19	5	8332000	7	-0,344932943
20220521 011733	-0,815559087617858	7563	2000	20	5	8332000	62	-0,815559088
20220521 012433	-0,999952405094002	5460	1341	3	5	8268000	68	-0,999952405
20220520 214441	-0,232394125446492	24	7	20	5	3722000	30	-0,232394125
20220521 005337	-0,681920489601544	12	6	20	5	2977000	48	-0,68192049
20220520 213501	0.,317859621563306	4918	1729	12	5	0	15	#¡VALOR!
20220520 213325	0.,0169760673161368	6475	1678	13	5	0	12	#¡VALOR!
20220520 213257	0.,501925406657393	3166	93	16	5	0	11	#¡VALOR!
