fecha	gamma	alpha	lambda	subsample	tree_method	grow_policy	max_bin	max_leaves	scale_pos_weight	eta	colsample_bytree	min_child_weight	max_depth	prob_corte	nrounds	ganancia	iteracion
20220529 025744	0	0	0	1	auto	depthwise	256	0	1	0.175415061693406	0.673516798466444	7	25	0.0201246052660281	10	11976000	1
20220529 030433	0	0	0	1	auto	depthwise	256	0	1	0.0705014239352895	0.533763361694291	6	16	0.0297253373568916	36	10051000	2
20220529 031215	0	0	0	1	auto	depthwise	256	0	1	0.100291458156658	0.762547977035865	8	19	0.0353318173321895	29	8866000	3
20220529 031519	0	0	0	1	auto	depthwise	256	0	1	0.239052633382962	0.583728022417054	5	12	0.0179725529849141	4	10399000	4
20220529 032026	0	0	0	1	auto	depthwise	256	0	1	0.212226753037539	0.753576327860355	8	30	0.0161196358366093	8	11445000	5
20220529 032505	0	0	0	1	auto	depthwise	256	0	1	0.138701050243457	0.481180830672383	6	16	0.0453364037695186	30	7680000	6
20220529 032614	0	0	0	1	auto	depthwise	256	0	1	0.193724704796216	0.417372495383024	2	3	0.0365930869418662	29	9744000	7
20220529 035400	0	0	0	1	auto	depthwise	256	0	1	0.0222860897534993	0.717913758456707	4	19	0.041713023907505	150	7573000	8
20220529 040456	0	0	0	1	auto	depthwise	256	0	1	0.0494109582804376	0.856848189318553	4	10	0.0225650135408311	63	11879000	9
20220529 040656	0	0	0	1	auto	depthwise	256	0	1	0.0883761438156944	0.445727984523401	3	5	0.0088612801215883	8	12260000	10
20220529 040930	0	0	0	1	auto	depthwise	256	0	1	0.168753931760904	0.336739470707253	0	23	0.0107569574000081	1	4149000	11
20220529 041203	0	0	0	1	auto	depthwise	256	0	1	0.152270178164705	0.263967411657795	10	23	0.0459811541630188	25	7558000	12
20220529 041845	0	0	0	1	auto	depthwise	256	0	1	0.225258532248088	0.830311873331666	5	27	0.0486563387302643	17	6343000	13
20220529 042014	0	0	0	1	auto	depthwise	256	0	1	0.270301527065109	0.308396876109764	9	7	0.0255975941137876	21	10499000	14
20220529 042714	0	0	0	1	auto	depthwise	256	0	1	0.0325606087774504	0.369867962636054	2	8	0.0403784613173533	106	8888000	15
20220529 042905	0	0	0	1	auto	depthwise	256	0	1	0.277615318729309	0.896190278474241	10	2	0.0324350920248738	77	10123000	16
20220529 045920	0	0	0	1	auto	depthwise	256	0	1	0.054142765519442	0.977738263495266	0	28	0.0142572608170061	113	889000	17
20220529 050404	0	0	0	1	auto	depthwise	256	0	1	0.24265012228128	0.931531847659498	2	11	0.028522466942862	7	7258000	18
20220529 050539	0	0	0	1	auto	depthwise	256	0	1	0.286961967224372	0.204777044784278	1	14	0.0387498250294205	1	6691000	19
20220529 051108	0	0	0	1	auto	depthwise	256	0	1	0.124998935972457	0.608758984282613	8	22	0.0240643690277163	18	10129000	20
20220529 052132	0	0	0	1	auto	depthwise	256	0	1	0.0105037874623172	0.77494742413668	4	2	0.0106468266937149	376	12306000	21
20220529 052647	0	0	0	1	auto	depthwise	256	0	1	0.153094235913092	0.999416174648889	7	8	0.00834383106666097	27	10598000	22
20220529 052922	0	0	0	1	auto	depthwise	256	0	1	0.0462624744896376	0.242371888287673	4	3	0.0189726881212943	191	12817000	23
20220529 053118	0	0	0	1	auto	depthwise	256	0	1	0.222889490365284	0.204994144835974	7	30	0.00834054285613825	13	10543000	24
20220529 053307	0	0	0	1	auto	depthwise	256	0	1	0.0507214758928461	0.248591352377348	3	2	0.0201004950711201	174	13143000	25
20220529 054501	0	0	0	1	auto	depthwise	256	0	1	0.0100840084704412	0.430619970206052	3	2	0.020199160709237	1024	12752000	26
20220529 054610	0	0	0	1	auto	depthwise	256	0	1	0.116456070287064	0.200439753599014	3	2	0.0192740080984113	118	12733000	27
20220529 055337	0	0	0	1	auto	depthwise	256	0	1	0.0110434236832227	0.200371187456164	3	2	0.0129965139665448	1039	12981000	28
20220529 055939	0	0	0	1	auto	depthwise	256	0	1	0.299933342067692	0.998997300856782	7	29	0.0186612272078402	9	10637000	29
20220529 064603	0	0	0	1	auto	depthwise	256	0	1	0.0113634513873817	0.862459671930205	7	30	0.00845284864427642	104	12125000	30
20220529 064845	0	0	0	1	auto	depthwise	256	0	1	0.0347724379188413	0.200059847171059	3	4	0.0193292178658768	129	12917000	31
20220529 065630	0	0	0	1	auto	depthwise	256	0	1	0.0980637059620619	0.812831296335256	6	26	0.00834752862066176	4	11698000	32
20220529 070142	0	0	0	1	auto	depthwise	256	0	1	0.193201074245757	0.876616122923403	10	30	0.00834226325343011	3	10981000	33
20220529 070242	0	0	0	1	auto	depthwise	256	0	1	0.23962210721638	0.291592740415237	10	2	0.00834111283225292	90	11445000	34
20220529 070434	0	0	0	1	auto	depthwise	256	0	1	0.044716527377524	0.20017801585953	3	2	0.0225156535458488	217	12725000	35
20220529 071222	0	0	0	1	auto	depthwise	256	0	1	0.0218707669670089	0.303965237492239	7	2	0.0146501254751154	1025	13291000	36
20220529 072710	0	0	0	1	auto	depthwise	256	0	1	0.010851370246029	0.672514884430601	7	2	0.0169842126639911	953	12950000	37
20220529 073113	0	0	0	1	auto	depthwise	256	0	1	0.0261707846156818	0.340898808492055	6	2	0.0135347279326534	370	12922000	38
20220529 073311	0	0	0	1	auto	depthwise	256	0	1	0.0663010930175871	0.365528127058223	7	2	0.0156344688268407	156	13430000	39
20220529 073552	0	0	0	1	auto	depthwise	256	0	1	0.0568788103311574	0.376664052101818	7	2	0.00910862284686508	248	11859000	40
20220529 080439	0	0	0	1	auto	depthwise	256	0	1	0.0127927961625545	0.351664538045804	7	30	0.0158865246096515	396	12900000	41
20220529 080614	0	0	0	1	auto	depthwise	256	0	1	0.0555921602515591	0.245599949867332	7	2	0.0178793437195158	130	13246000	42
20220529 081148	0	0	0	1	auto	depthwise	256	0	1	0.0495863520527747	0.376602895729486	7	10	0.0157949668420186	81	12870000	43
20220529 082449	0	0	0	1	auto	depthwise	256	0	1	0.0117236948298636	0.293242556821289	10	2	0.0155840975304012	1747	13374000	44
20220529 082742	0	0	0	1	auto	depthwise	256	0	1	0.0529292952845336	0.347238804025988	9	2	0.0153548636365271	273	13285000	45
20220529 082944	0	0	0	1	auto	depthwise	256	0	1	0.09046404534752	0.316065064230876	10	2	0.0159832784939346	217	13566000	46
20220529 083249	0	0	0	1	auto	depthwise	256	0	1	0.0710443259397981	0.790374352335416	10	2	0.0153201179377957	144	13194000	47
20220529 083847	0	0	0	1	auto	depthwise	256	0	1	0.0563764214496784	0.99968391181049	6	2	0.016723653176515	293	12978000	48
20220529 093643	0	0	0	1	auto	depthwise	256	0	1	0.0125108031267829	0.941435100349532	6	30	0.0160535686967383	196	12817000	49
20220529 093908	0	0	0	1	auto	depthwise	256	0	1	0.0710332604540047	0.421979380348937	10	2	0.0154196780291985	195	13330000	50
20220529 094015	0	0	0	1	auto	depthwise	256	0	1	0.0852586299865925	0.200518498104625	10	2	0.0153962187980738	112	13116000	51
20220529 094128	0	0	0	1	auto	depthwise	256	0	1	0.148390033729578	0.338472933393239	10	2	0.017052554069822	97	13168000	52
20220529 094924	0	0	0	1	auto	depthwise	256	0	1	0.040061728720525	0.999798830058949	10	2	0.0170304166825561	408	12902000	53
20220529 100200	0	0	0	1	auto	depthwise	256	0	1	0.0697305482566556	0.841988565935841	7	30	0.0160801305362002	42	12402000	54
20220529 100413	0	0	0	1	auto	depthwise	256	0	1	0.0661155156759799	0.32322467472329	10	2	0.0164494962689005	208	13559000	55
20220529 100811	0	0	0	1	auto	depthwise	256	0	1	0.0253908148041314	0.340600230354696	7	2	0.0187982353779872	364	13400000	56
20220529 103800	0	0	0	1	auto	depthwise	256	0	1	0.0100171122423574	0.311643081098041	4	30	0.0132960548109725	226	12979000	57
20220529 110309	0	0	0	1	auto	depthwise	256	0	1	0.0102012492064455	0.330332464243977	5	30	0.0146212598040642	146	13119000	58
20220529 113633	0	0	0	1	auto	depthwise	256	0	1	0.0100192269413242	0.315108692656792	6	27	0.014810483520007	444	13111000	59
20220529 114042	0	0	0	1	auto	depthwise	256	0	1	0.0497846544537974	0.326853838127289	3	3	0.0156563530553736	307	13133000	60
20220529 121301	0	0	0	1	auto	depthwise	256	0	1	0.010389342211657	0.880375647577728	6	2	0.0203046209572003	2079	12692000	61
20220529 123540	0	0	0	1	auto	depthwise	256	0	1	0.0106999713008399	0.315055905891373	10	24	0.0141982899115298	338	13343000	62
20220529 123834	0	0	0	1	auto	depthwise	256	0	1	0.0718942502956024	0.320051749771135	10	7	0.0157877174012627	51	13347000	63
20220529 130421	0	0	0	1	auto	depthwise	256	0	1	0.010373674810384	0.311432195406635	10	30	0.0125959873645601	442	13121000	64
20220529 135644	0	0	0	1	auto	depthwise	256	0	1	0.0101354126067878	0.753790867089622	10	27	0.0153292567905007	362	13189000	65
20220529 135853	0	0	0	1	auto	depthwise	256	0	1	0.299870831514042	0.316186318658176	10	30	0.0160091704198736	12	11269000	66
20220529 140126	0	0	0	1	auto	depthwise	256	0	1	0.0735195465951247	0.323286878976564	10	2	0.0153473174890712	280	13331000	67
20220529 140300	0	0	0	1	auto	depthwise	256	0	1	0.0923056858123181	0.422831507553551	10	2	0.0188049586040939	102	13452000	68
20220529 142742	0	0	0	1	auto	depthwise	256	0	1	0.0100337142359647	0.31667569434029	10	27	0.0166187014320856	365	13086000	69
20220529 142923	0	0	0	1	auto	depthwise	256	0	1	0.0924989354199151	0.348167195635002	10	2	0.0168019669782893	125	13569000	70
20220529 143047	0	0	0	1	auto	depthwise	256	0	1	0.0896099285398765	0.31900266025325	8	2	0.0162338415593987	104	13525000	71
20220529 145058	0	0	0	1	auto	depthwise	256	0	1	0.0101542055966123	0.306429608079793	5	30	0.00863207321372597	48	12567000	72
20220529 145221	0	0	0	1	auto	depthwise	256	0	1	0.0926230753873647	0.324121358072825	7	2	0.0202023515856993	83	12949000	73
20220529 152428	0	0	0	1	auto	depthwise	256	0	1	0.0102728467331086	0.624086754653619	10	23	0.0110571629990064	143	13228000	74
20220529 155337	0	0	0	1	auto	depthwise	256	0	1	0.0105368589764766	0.521984926553238	10	17	0.0160295471093707	244	13527000	75
20220529 155707	0	0	0	1	auto	depthwise	256	0	1	0.0234838319452559	0.320466791682569	8	2	0.0161440821078014	269	13142000	76
20220529 155912	0	0	0	1	auto	depthwise	256	0	1	0.108292586499635	0.351784870063172	9	2	0.0163007664847195	209	13331000	77
20220529 162839	0	0	0	1	auto	depthwise	256	0	1	0.0101367371670283	0.522507734901631	10	2	0.0190283468063682	2961	13182000	78
20220529 163002	0	0	0	1	auto	depthwise	256	0	1	0.265568373420919	0.322361334865417	8	2	0.0159110219852614	126	12584000	79
20220529 164529	0	0	0	1	auto	depthwise	256	0	1	0.010514253947693	0.309717998866007	9	27	0.00871781281942278	62	12136000	80
20220529 165157	0	0	0	1	auto	depthwise	256	0	1	0.0885246197734306	0.693376398195642	10	18	0.0160998483866123	18	13615000	81
20220529 170250	0	0	0	1	auto	depthwise	256	0	1	0.0447525461068898	0.629416004818205	10	19	0.0159423583957332	69	12600000	82
20220529 170415	0	0	0	1	auto	depthwise	256	0	1	0.183412218443784	0.311846854218363	8	2	0.0160476174134336	122	13303000	83
20220529 172721	0	0	0	1	auto	depthwise	256	0	1	0.0100796396783849	0.349239090557144	10	13	0.0160587137868673	395	13348000	84
20220529 173021	0	0	0	1	auto	depthwise	256	0	1	0.175774581993943	0.991937939215484	10	4	0.0179409429022782	34	12775000	85
20220529 173253	0	0	0	1	auto	depthwise	256	0	1	0.175400056429094	0.328746237223898	10	16	0.0157392667472535	19	12018000	86
20220529 174110	0	0	0	1	auto	depthwise	256	0	1	0.0908598594395553	0.996087626835919	10	15	0.0163172097852801	22	13230000	87
20220529 174413	0	0	0	1	auto	depthwise	256	0	1	0.0900794372151808	0.712226517803753	9	3	0.0168137804538451	88	13341000	88
20220529 174537	0	0	0	1	auto	depthwise	256	0	1	0.189758705052787	0.656045550408668	7	2	0.0171726886726834	54	12825000	89
20220529 175216	0	0	0	1	auto	depthwise	256	0	1	0.0932655641336451	0.480939004345666	10	30	0.0143224290214182	65	12450000	90
20220529 175350	0	0	0	1	auto	depthwise	256	0	1	0.299983942120456	0.802132356175392	10	2	0.0137664322988578	53	12551000	91
20220529 175803	0	0	0	1	auto	depthwise	256	0	1	0.0910516376643651	0.706598454101309	10	8	0.0164042719267626	20	12728000	92
20220529 180121	0	0	0	1	auto	depthwise	256	0	1	0.0881598790696261	0.316604391363967	10	17	0.0157597590825537	19	12766000	93
20220531 143532	0	0	0	1	auto	depthwise	256	0	1	0.0907407151207246	0.711404269857737	10	10	0.0163537265106682	28	12961000	94
20220531 143930	0	0	0	1	auto	depthwise	256	0	1	0.0888399728898743	0.845377136985874	4	2	0.0164236585929433	207	12745000	95
20220531 144114	0	0	0	1	auto	depthwise	256	0	1	0.087459703131633	0.33506084107556	9	2	0.0167283539798687	158	13595000	96
20220531 150415	0	0	0	1	auto	depthwise	256	0	1	0.0101230845259655	0.329232527892279	4	16	0.013835189437762	206	13187000	97
20220531 150930	0	0	0	1	auto	depthwise	256	0	1	0.0895747096427184	0.477370318822417	10	18	0.0150562594270186	36	12757000	98
20220531 151846	0	0	0	1	auto	depthwise	256	0	1	0.091411912554619	0.8681054948555	10	22	0.016121270023564	35	12678000	99
20220531 161106	0	0	0	1	auto	depthwise	256	0	1	0.0100367499051508	0.902517334836248	6	16	0.0157698825166614	223	12679000	100
20220531 161744	0	0	0	1	auto	depthwise	256	0	1	0.0995320708294504	0.766960793518764	10	17	0.0161264628546384	20	12514000	101
20220531 165528	0	0	0	1	auto	depthwise	256	0	1	0.0101172913378506	0.692384194750385	10	26	0.0115819316025691	174	13310000	102
20220531 170343	0	0	0	1	auto	depthwise	256	0	1	0.0779343609047463	0.767239053701783	10	17	0.0166660488351499	35	12738000	103
20220531 174803	0	0	0	1	auto	depthwise	256	0	1	0.010078267914254	0.654590850865048	6	30	0.0148605314879897	151	12915000	104
20220531 180322	0	0	0	1	auto	depthwise	256	0	1	0.0101170365954738	0.312195424383366	7	6	0.0168811775912005	494	13250000	105
20220531 180604	0	0	0	1	auto	depthwise	256	0	1	0.0806565247677653	0.681848939767733	5	2	0.0161452437973362	132	12603000	106
20220531 181302	0	0	0	1	auto	depthwise	256	0	1	0.0879788636478714	0.680594667225122	10	29	0.0150349143419328	20	12759000	107
20220531 181651	0	0	0	1	auto	depthwise	256	0	1	0.0861961358851729	0.999969594713954	10	2	0.0167338298102941	163	13033000	108
20220531 184520	0	0	0	1	auto	depthwise	256	0	1	0.0101145211792808	0.525825390721089	7	23	0.0108874587088296	76	12970000	109
20220531 190955	0	0	0	1	auto	depthwise	256	0	1	0.0104423939497237	0.521220143835619	10	20	0.0103108649031517	114	12808000	110
20220531 191955	0	0	0	1	auto	depthwise	256	0	1	0.0203303095102921	0.321363829337077	10	7	0.0189996927200949	316	13053000	111
20220531 192120	0	0	0	1	auto	depthwise	256	0	1	0.188801336310458	0.668300166559714	10	2	0.016412111665003	56	13194000	112
20220531 201837	0	0	0	1	auto	depthwise	256	0	1	0.0102638317526369	0.99999486148816	10	21	0.015294776575358	249	13239000	113
20220531 202121	0	0	0	1	auto	depthwise	256	0	1	0.0960684399502192	0.279503372382569	9	3	0.0170128916591781	225	13221000	114
20220531 203134	0	0	0	1	auto	depthwise	256	0	1	0.0837730215676737	0.999743775235557	7	20	0.0166005231017733	17	12234000	115
20220531 203719	0	0	0	1	auto	depthwise	256	0	1	0.225604779022024	0.999792788685377	10	18	0.0159077162750933	9	11379000	116
20220531 204340	0	0	0	1	auto	depthwise	256	0	1	0.0873611549310671	0.674630126748339	10	19	0.0141021863107615	20	12870000	117
20220531 204450	0	0	0	1	auto	depthwise	256	0	1	0.17680580880737	0.365145744564776	10	2	0.0213903427958515	68	12399000	118
20220531 212714	0	0	0	1	auto	depthwise	256	0	1	0.0100216317630243	0.710104527424975	10	18	0.0163777867767138	294	13071000	119
20220531 213944	0	0	0	1	auto	depthwise	256	0	1	0.077054585419062	0.99947139688491	10	25	0.0211691007414112	48	11512000	120
20220531 214116	0	0	0	1	auto	depthwise	256	0	1	0.299975052248005	0.660022606325327	8	2	0.00939775985354554	69	11523000	121
20220531 214227	0	0	0	1	auto	depthwise	256	0	1	0.158170679433611	0.396654865637799	7	2	0.0160535889615205	70	13044000	122
20220531 214512	0	0	0	1	auto	depthwise	256	0	1	0.0861300484481672	0.647661925772121	10	2	0.0165169132947161	163	13027000	123
